0.0625,0.53125,0.09375,0.5625,0.0
0.0625,0.5625,0.09375,0.59375,0.0
0.0625,0.59375,0.09375,0.625,0.0
0.09375,0.59375,0.125,0.625,0.0
0.0625,0.625,0.09375,0.65625,0.0
0.09375,0.625,0.125,0.65625,0.0
0.0625,0.65625,0.09375,0.6875,0.0
0.09375,0.65625,0.125,0.6875,0.0
0.0625,0.6875,0.09375,0.71875,0.0
0.09375,0.6875,0.125,0.71875,0.0
0.0625,0.71875,0.09375,0.75,0.0
0.09375,0.71875,0.125,0.75,0.0
0.125,0.625,0.15625,0.65625,0.0
0.15625,0.625,0.1875,0.65625,0.0
0.125,0.65625,0.15625,0.6875,0.0
0.15625,0.65625,0.1875,0.6875,0.0
0.1875,0.625,0.21875,0.65625,0.0
0.21875,0.625,0.25,0.65625,0.0
0.1875,0.65625,0.21875,0.6875,0.0
0.21875,0.65625,0.25,0.6875,0.0
0.125,0.6875,0.15625,0.71875,0.0
0.15625,0.6875,0.1875,0.71875,0.0
0.125,0.71875,0.15625,0.75,0.0
0.15625,0.71875,0.1875,0.75,0.0
0.1875,0.6875,0.21875,0.71875,0.0
0.21875,0.6875,0.25,0.71875,0.0
0.1875,0.71875,0.21875,0.75,0.0
0.21875,0.71875,0.25,0.75,0.0
0.46875,0.59375,0.5,0.625,0.0
0.25,0.625,0.28125,0.65625,0.0
0.28125,0.625,0.3125,0.65625,0.00031547685598623494
0.25,0.65625,0.28125,0.6875,0.0
0.28125,0.65625,0.3125,0.6875,0.0
0.3125,0.625,0.34375,0.65625,0.0
0.34375,0.625,0.375,0.65625,0.0014320224174389406
0.3125,0.65625,0.34375,0.6875,0.0
0.34375,0.65625,0.375,0.6875,0.0
0.25,0.6875,0.28125,0.71875,0.0009336910401558955
0.28125,0.6875,0.3125,0.71875,0.0
0.25,0.71875,0.28125,0.75,0.0
0.28125,0.71875,0.3125,0.75,0.0
0.3125,0.6875,0.34375,0.71875,0.0
0.34375,0.6875,0.375,0.71875,0.0
0.3125,0.71875,0.34375,0.75,0.0
0.34375,0.71875,0.375,0.75,0.0
0.375,0.625,0.40625,0.65625,0.0
0.40625,0.625,0.4375,0.65625,0.0
0.375,0.65625,0.40625,0.6875,0.0
0.40625,0.65625,0.4375,0.6875,0.0
0.4375,0.625,0.46875,0.65625,0.0
0.46875,0.625,0.5,0.65625,0.0
0.4375,0.65625,0.46875,0.6875,0.0
0.46875,0.65625,0.5,0.6875,0.0
0.375,0.6875,0.40625,0.71875,0.0
0.40625,0.6875,0.4375,0.71875,0.0
0.375,0.71875,0.40625,0.75,0.0
0.40625,0.71875,0.4375,0.75,0.0
0.4375,0.6875,0.46875,0.71875,0.0
0.46875,0.6875,0.5,0.71875,0.0
0.4375,0.71875,0.46875,0.75,0.0
0.46875,0.71875,0.5,0.75,0.0
0.5,0.59375,0.53125,0.625,0.0
0.53125,0.59375,0.5625,0.625,0.0
0.5625,0.59375,0.59375,0.625,0.0
0.59375,0.59375,0.625,0.625,0.0
0.625,0.59375,0.65625,0.625,0.0
0.65625,0.59375,0.6875,0.625,0.0
0.5,0.625,0.53125,0.65625,0.0
0.53125,0.625,0.5625,0.65625,0.0
0.5,0.65625,0.53125,0.6875,0.0
0.53125,0.65625,0.5625,0.6875,0.0
0.5625,0.625,0.59375,0.65625,0.0
0.59375,0.625,0.625,0.65625,0.0
0.5625,0.65625,0.59375,0.6875,0.0
0.59375,0.65625,0.625,0.6875,0.0
0.5,0.6875,0.53125,0.71875,0.0
0.53125,0.6875,0.5625,0.71875,0.0
0.5,0.71875,0.53125,0.75,0.0
0.53125,0.71875,0.5625,0.75,0.0
0.5625,0.6875,0.59375,0.71875,0.0
0.59375,0.6875,0.625,0.71875,0.0
0.5625,0.71875,0.59375,0.75,0.0
0.59375,0.71875,0.625,0.75,0.0
0.625,0.625,0.65625,0.65625,0.0
0.65625,0.625,0.6875,0.65625,0.0
0.625,0.65625,0.65625,0.6875,0.0
0.65625,0.65625,0.6875,0.6875,0.0
0.625,0.6875,0.65625,0.71875,0.0
0.65625,0.6875,0.6875,0.71875,0.0
0.625,0.71875,0.65625,0.75,0.0
0.65625,0.71875,0.6875,0.75,0.0
0.0,0.53125,0.03125,0.5625,0.0
0.03125,0.53125,0.0625,0.5625,0.0
0.0,0.5625,0.03125,0.59375,0.0
0.03125,0.5625,0.0625,0.59375,0.0
0.0,0.59375,0.03125,0.625,0.0
0.03125,0.59375,0.0625,0.625,0.0
0.0,0.625,0.03125,0.65625,0.0
0.03125,0.625,0.0625,0.65625,0.0
0.0,0.65625,0.03125,0.6875,0.0
0.03125,0.65625,0.0625,0.6875,0.0
0.0,0.6875,0.03125,0.71875,0.0
0.03125,0.6875,0.0625,0.71875,0.0
0.0,0.71875,0.03125,0.75,0.0
0.03125,0.71875,0.0625,0.75,0.0
0.0,0.75,0.03125,0.78125,0.0
0.03125,0.75,0.0625,0.78125,0.0
0.0,0.78125,0.03125,0.8125,0.0
0.03125,0.78125,0.0625,0.8125,0.0
0.0625,0.75,0.09375,0.78125,0.0
0.09375,0.75,0.125,0.78125,0.0
0.0625,0.78125,0.09375,0.8125,0.0
0.09375,0.78125,0.125,0.8125,0.0
0.125,0.75,0.15625,0.78125,0.0
0.15625,0.75,0.1875,0.78125,0.0
0.125,0.78125,0.15625,0.8125,0.0
0.15625,0.78125,0.1875,0.8125,0.0
0.1875,0.75,0.21875,0.78125,0.0
0.21875,0.75,0.25,0.78125,0.0
0.1875,0.78125,0.21875,0.8125,0.0
0.21875,0.78125,0.25,0.8125,0.0
0.25,0.75,0.28125,0.78125,0.0
0.28125,0.75,0.3125,0.78125,0.0
0.25,0.78125,0.28125,0.8125,0.0
0.28125,0.78125,0.3125,0.8125,0.0
0.3125,0.75,0.34375,0.78125,0.0
0.34375,0.75,0.375,0.78125,0.0
0.3125,0.78125,0.34375,0.8125,0.0
0.34375,0.78125,0.375,0.8125,0.0
0.375,0.75,0.40625,0.78125,0.0
0.40625,0.75,0.4375,0.78125,0.0
0.375,0.78125,0.40625,0.8125,0.0
0.40625,0.78125,0.4375,0.8125,0.0
0.4375,0.75,0.46875,0.78125,0.0
0.46875,0.75,0.5,0.78125,0.0
0.4375,0.78125,0.46875,0.8125,0.0
0.46875,0.78125,0.5,0.8125,0.0
0.6875,0.59375,0.71875,0.625,0.0
0.71875,0.59375,0.75,0.625,0.0
0.6875,0.625,0.71875,0.65625,0.0
0.71875,0.625,0.75,0.65625,0.0
0.6875,0.65625,0.71875,0.6875,0.0
0.71875,0.65625,0.75,0.6875,0.0
0.6875,0.6875,0.71875,0.71875,0.0
0.71875,0.6875,0.75,0.71875,0.0
0.6875,0.71875,0.71875,0.75,0.0
0.71875,0.71875,0.75,0.75,0.0
0.75,0.59375,0.78125,0.625,0.0
0.78125,0.59375,0.8125,0.625,0.0
0.75,0.625,0.78125,0.65625,0.0
0.78125,0.625,0.8125,0.65625,0.0
0.75,0.65625,0.78125,0.6875,0.0
0.78125,0.65625,0.8125,0.6875,0.0
0.75,0.6875,0.78125,0.71875,0.0
0.78125,0.6875,0.8125,0.71875,0.0
0.75,0.71875,0.78125,0.75,0.0
0.78125,0.71875,0.8125,0.75,0.0
0.5,0.75,0.53125,0.78125,0.0
0.53125,0.75,0.5625,0.78125,0.0
0.5,0.78125,0.53125,0.8125,0.0
0.53125,0.78125,0.5625,0.8125,0.0
0.5625,0.75,0.59375,0.78125,0.0
0.59375,0.75,0.625,0.78125,0.0
0.5625,0.78125,0.59375,0.8125,0.0
0.59375,0.78125,0.625,0.8125,0.0
0.625,0.75,0.65625,0.78125,0.0
0.65625,0.75,0.6875,0.78125,0.0
0.625,0.78125,0.65625,0.8125,0.0
0.65625,0.78125,0.6875,0.8125,0.0
0.6875,0.75,0.71875,0.78125,0.0
0.71875,0.75,0.75,0.78125,0.0
0.6875,0.78125,0.71875,0.8125,0.0
0.71875,0.78125,0.75,0.8125,0.0
0.75,0.75,0.78125,0.78125,0.0
0.78125,0.75,0.8125,0.78125,0.0
0.75,0.78125,0.78125,0.8125,0.0
0.78125,0.78125,0.8125,0.8125,0.0
0.1875,0.25,0.21875,0.28125,0.0
0.21875,0.25,0.25,0.28125,0.0
0.21875,0.3125,0.25,0.34375,0.0
0.25,0.25,0.28125,0.28125,0.0
0.28125,0.25,0.3125,0.28125,0.0
0.25,0.28125,0.28125,0.3125,0.0
0.28125,0.28125,0.3125,0.3125,0.0
0.3125,0.25,0.34375,0.28125,0.0
0.34375,0.25,0.375,0.28125,0.0
0.3125,0.28125,0.34375,0.3125,0.0
0.34375,0.28125,0.375,0.3125,0.0
0.25,0.3125,0.28125,0.34375,0.0
0.28125,0.3125,0.3125,0.34375,0.0
0.3125,0.3125,0.34375,0.34375,0.0
0.34375,0.3125,0.375,0.34375,0.0
0.375,0.25,0.40625,0.28125,0.0
0.40625,0.25,0.4375,0.28125,0.0
0.375,0.28125,0.40625,0.3125,0.0
0.40625,0.28125,0.4375,0.3125,0.0
0.4375,0.25,0.46875,0.28125,0.0
0.46875,0.25,0.5,0.28125,0.0
0.4375,0.28125,0.46875,0.3125,0.0
0.46875,0.28125,0.5,0.3125,0.0
0.375,0.3125,0.40625,0.34375,0.0
0.40625,0.3125,0.4375,0.34375,0.0
0.4375,0.3125,0.46875,0.34375,0.0
0.46875,0.3125,0.5,0.34375,0.0
0.5,0.25,0.53125,0.28125,0.0
0.53125,0.25,0.5625,0.28125,0.0
0.5,0.28125,0.53125,0.3125,0.0
0.53125,0.28125,0.5625,0.3125,0.0
0.5,0.3125,0.53125,0.34375,0.0
0.53125,0.3125,0.5625,0.34375,0.0
0.1875,0.8125,0.21875,0.84375,0.0
0.21875,0.8125,0.25,0.84375,0.0
0.1875,0.84375,0.21875,0.875,0.000474458958473739
0.21875,0.84375,0.25,0.875,0.0
0.1875,0.875,0.21875,0.90625,0.0
0.21875,0.875,0.25,0.90625,0.0
0.1875,0.90625,0.21875,0.9375,0.0
0.21875,0.90625,0.25,0.9375,0.0
0.1875,0.9375,0.21875,0.96875,0.0
0.21875,0.9375,0.25,0.96875,0.0
0.1875,0.96875,0.21875,1.0,0.0
0.21875,0.96875,0.25,1.0,0.0
0.25,0.8125,0.28125,0.84375,0.0
0.28125,0.8125,0.3125,0.84375,0.0
0.25,0.84375,0.28125,0.875,0.0
0.28125,0.84375,0.3125,0.875,0.0
0.3125,0.8125,0.34375,0.84375,0.0
0.34375,0.8125,0.375,0.84375,0.0
0.3125,0.84375,0.34375,0.875,0.0
0.34375,0.84375,0.375,0.875,0.0
0.375,0.8125,0.40625,0.84375,0.0
0.40625,0.8125,0.4375,0.84375,0.0
0.375,0.84375,0.40625,0.875,7.149696241268123e-05
0.40625,0.84375,0.4375,0.875,0.0
0.4375,0.8125,0.46875,0.84375,0.0
0.46875,0.8125,0.5,0.84375,0.0
0.4375,0.84375,0.46875,0.875,0.0
0.46875,0.84375,0.5,0.875,0.0
0.25,0.875,0.28125,0.90625,0.0
0.28125,0.875,0.3125,0.90625,0.0
0.25,0.90625,0.28125,0.9375,0.0
0.28125,0.90625,0.3125,0.9375,0.0
0.3125,0.875,0.34375,0.90625,0.0
0.34375,0.875,0.375,0.90625,0.0
0.3125,0.90625,0.34375,0.9375,0.0
0.34375,0.90625,0.375,0.9375,0.0
0.25,0.9375,0.28125,0.96875,0.0
0.28125,0.9375,0.3125,0.96875,0.0
0.25,0.96875,0.28125,1.0,0.0
0.28125,0.96875,0.3125,1.0,0.0
0.3125,0.9375,0.34375,0.96875,0.0
0.34375,0.9375,0.375,0.96875,0.0
0.3125,0.96875,0.34375,1.0,0.0
0.34375,0.96875,0.375,1.0,0.0
0.375,0.875,0.40625,0.90625,0.0
0.40625,0.875,0.4375,0.90625,0.0
0.375,0.90625,0.40625,0.9375,0.0
0.40625,0.90625,0.4375,0.9375,0.0
0.4375,0.875,0.46875,0.90625,0.0
0.46875,0.875,0.5,0.90625,0.0
0.4375,0.90625,0.46875,0.9375,0.0
0.46875,0.90625,0.5,0.9375,0.0
0.375,0.9375,0.40625,0.96875,0.0
0.40625,0.9375,0.4375,0.96875,0.0
0.375,0.96875,0.40625,1.0,0.0
0.40625,0.96875,0.4375,1.0,0.0
0.4375,0.9375,0.46875,0.96875,0.0
0.46875,0.9375,0.5,0.96875,0.0
0.4375,0.96875,0.46875,1.0,0.0
0.46875,0.96875,0.5,1.0,0.0
0.5,0.8125,0.53125,0.84375,0.0
0.53125,0.8125,0.5625,0.84375,0.0
0.5,0.84375,0.53125,0.875,0.0
0.53125,0.84375,0.5625,0.875,0.0
0.5,0.875,0.53125,0.90625,0.0
0.53125,0.875,0.5625,0.90625,0.0
0.5,0.90625,0.53125,0.9375,0.0
0.53125,0.90625,0.5625,0.9375,0.0
0.5,0.9375,0.53125,0.96875,0.0
0.53125,0.9375,0.5625,0.96875,0.0
0.5,0.96875,0.53125,1.0,0.0
0.53125,0.96875,0.5625,1.0,0.0
0.0,0.3125,0.03125,0.34375,0.0
0.03125,0.3125,0.0625,0.34375,0.0
0.0,0.34375,0.03125,0.375,0.0
0.03125,0.34375,0.0625,0.375,0.0
0.0625,0.3125,0.09375,0.34375,0.0
0.0625,0.34375,0.09375,0.375,0.0
0.5625,0.3125,0.59375,0.34375,0.0
0.59375,0.3125,0.625,0.34375,0.0
0.625,0.3125,0.65625,0.34375,0.0
0.65625,0.3125,0.6875,0.34375,0.0
0.6875,0.3125,0.71875,0.34375,0.0
0.71875,0.3125,0.75,0.34375,0.0
0.75,0.3125,0.78125,0.34375,0.0
0.78125,0.3125,0.8125,0.34375,0.0
0.8125,0.3125,0.84375,0.34375,0.0
0.84375,0.3125,0.875,0.34375,0.0
0.84375,0.34375,0.875,0.375,0.0
0.84375,0.375,0.875,0.40625,0.0
0.84375,0.40625,0.875,0.4375,0.0
0.84375,0.4375,0.875,0.46875,0.0
0.84375,0.46875,0.875,0.5,0.0
0.0,0.8125,0.03125,0.84375,0.0
0.03125,0.8125,0.0625,0.84375,0.0
0.0,0.84375,0.03125,0.875,0.0
0.03125,0.84375,0.0625,0.875,0.0
0.0625,0.8125,0.09375,0.84375,0.0
0.09375,0.8125,0.125,0.84375,0.0
0.0625,0.84375,0.09375,0.875,0.0
0.09375,0.84375,0.125,0.875,0.0
0.125,0.8125,0.15625,0.84375,0.0
0.15625,0.8125,0.1875,0.84375,0.0
0.125,0.84375,0.15625,0.875,0.0
0.15625,0.84375,0.1875,0.875,0.0
0.0,0.875,0.03125,0.90625,0.0
0.03125,0.875,0.0625,0.90625,0.0
0.0,0.90625,0.03125,0.9375,0.0
0.03125,0.90625,0.0625,0.9375,0.0
0.0625,0.875,0.09375,0.90625,0.0
0.09375,0.875,0.125,0.90625,0.0
0.0625,0.90625,0.09375,0.9375,0.0
0.09375,0.90625,0.125,0.9375,0.0
0.0,0.9375,0.03125,0.96875,0.0
0.03125,0.9375,0.0625,0.96875,0.0
0.0,0.96875,0.03125,1.0,0.0
0.03125,0.96875,0.0625,1.0,0.0
0.0625,0.9375,0.09375,0.96875,0.0
0.09375,0.9375,0.125,0.96875,0.0
0.0625,0.96875,0.09375,1.0,0.0
0.09375,0.96875,0.125,1.0,0.00017396110421008138
0.125,0.875,0.15625,0.90625,0.0
0.15625,0.875,0.1875,0.90625,0.0
0.125,0.90625,0.15625,0.9375,0.0
0.15625,0.90625,0.1875,0.9375,0.0
0.125,0.9375,0.15625,0.96875,0.0
0.15625,0.9375,0.1875,0.96875,0.0
0.125,0.96875,0.15625,1.0,0.0018429898787527463
0.15625,0.96875,0.1875,1.0,0.0
0.84375,0.5,0.875,0.53125,0.0
0.84375,0.53125,0.875,0.5625,0.0
0.84375,0.5625,0.875,0.59375,0.0
0.8125,0.59375,0.84375,0.625,0.0
0.84375,0.59375,0.875,0.625,0.0
0.8125,0.625,0.84375,0.65625,0.0
0.84375,0.625,0.875,0.65625,0.0
0.8125,0.65625,0.84375,0.6875,0.0
0.84375,0.65625,0.875,0.6875,0.0
0.8125,0.6875,0.84375,0.71875,0.0
0.84375,0.6875,0.875,0.71875,0.0
0.8125,0.71875,0.84375,0.75,0.0
0.84375,0.71875,0.875,0.75,0.0
0.5625,0.8125,0.59375,0.84375,0.0
0.59375,0.8125,0.625,0.84375,0.0
0.5625,0.84375,0.59375,0.875,0.0
0.59375,0.84375,0.625,0.875,0.0
0.625,0.8125,0.65625,0.84375,0.0
0.65625,0.8125,0.6875,0.84375,0.0
0.625,0.84375,0.65625,0.875,0.0
0.65625,0.84375,0.6875,0.875,0.0
0.6875,0.8125,0.71875,0.84375,0.0
0.71875,0.8125,0.75,0.84375,0.0
0.6875,0.84375,0.71875,0.875,0.0
0.71875,0.84375,0.75,0.875,0.0
0.5625,0.875,0.59375,0.90625,0.0
0.59375,0.875,0.625,0.90625,0.0
0.5625,0.90625,0.59375,0.9375,0.0
0.59375,0.90625,0.625,0.9375,0.0
0.5625,0.9375,0.59375,0.96875,0.0
0.59375,0.9375,0.625,0.96875,0.0
0.5625,0.96875,0.59375,1.0,0.0
0.59375,0.96875,0.625,1.0,0.0
0.625,0.875,0.65625,0.90625,0.0
0.65625,0.875,0.6875,0.90625,0.0
0.625,0.90625,0.65625,0.9375,0.0
0.65625,0.90625,0.6875,0.9375,0.0
0.6875,0.875,0.71875,0.90625,0.0009741959097092776
0.71875,0.875,0.75,0.90625,0.0
0.6875,0.90625,0.71875,0.9375,0.0
0.71875,0.90625,0.75,0.9375,0.0
0.625,0.9375,0.65625,0.96875,0.0
0.65625,0.9375,0.6875,0.96875,0.0
0.625,0.96875,0.65625,1.0,0.0
0.65625,0.96875,0.6875,1.0,0.0
0.6875,0.9375,0.71875,0.96875,0.0
0.71875,0.9375,0.75,0.96875,0.0
0.6875,0.96875,0.71875,1.0,0.0
0.71875,0.96875,0.75,1.0,0.0
0.8125,0.75,0.84375,0.78125,0.0
0.84375,0.75,0.875,0.78125,0.0
0.8125,0.78125,0.84375,0.8125,0.0
0.84375,0.78125,0.875,0.8125,0.0
0.75,0.8125,0.78125,0.84375,0.0
0.78125,0.8125,0.8125,0.84375,0.0
0.75,0.84375,0.78125,0.875,0.0
0.78125,0.84375,0.8125,0.875,0.0
0.8125,0.8125,0.84375,0.84375,0.0
0.84375,0.8125,0.875,0.84375,0.0
0.8125,0.84375,0.84375,0.875,0.0
0.84375,0.84375,0.875,0.875,0.0
0.75,0.875,0.78125,0.90625,0.0
0.78125,0.875,0.8125,0.90625,0.0
0.75,0.90625,0.78125,0.9375,0.0
0.78125,0.90625,0.8125,0.9375,0.0
0.8125,0.875,0.84375,0.90625,0.0
0.84375,0.875,0.875,0.90625,0.0
0.8125,0.90625,0.84375,0.9375,0.0
0.84375,0.90625,0.875,0.9375,0.0
0.75,0.9375,0.78125,0.96875,0.0
0.78125,0.9375,0.8125,0.96875,0.0
0.75,0.96875,0.78125,1.0,0.0
0.78125,0.96875,0.8125,1.0,0.0
0.125,0.1875,0.15625,0.21875,0.0
0.15625,0.1875,0.1875,0.21875,0.0
0.125,0.21875,0.15625,0.25,0.0
0.15625,0.21875,0.1875,0.25,0.0
0.1875,0.1875,0.21875,0.21875,0.0
0.21875,0.1875,0.25,0.21875,0.0
0.1875,0.21875,0.21875,0.25,0.0
0.21875,0.21875,0.25,0.25,0.0
0.25,0.1875,0.28125,0.21875,0.000542680710555764
0.28125,0.1875,0.3125,0.21875,0.0
0.25,0.21875,0.28125,0.25,8.829439833075059e-05
0.28125,0.21875,0.3125,0.25,0.0
0.3125,0.1875,0.34375,0.21875,0.0
0.34375,0.1875,0.375,0.21875,0.0
0.3125,0.21875,0.34375,0.25,0.0
0.34375,0.21875,0.375,0.25,0.0
0.375,0.1875,0.40625,0.21875,0.0
0.40625,0.1875,0.4375,0.21875,0.0
0.375,0.21875,0.40625,0.25,0.0
0.40625,0.21875,0.4375,0.25,0.0
0.4375,0.1875,0.46875,0.21875,0.0
0.46875,0.1875,0.5,0.21875,0.0
0.4375,0.21875,0.46875,0.25,0.0
0.46875,0.21875,0.5,0.25,0.0
0.125,0.25,0.15625,0.28125,0.0
0.15625,0.25,0.1875,0.28125,0.0
0.5,0.1875,0.53125,0.21875,0.0
0.53125,0.1875,0.5625,0.21875,0.0
0.5,0.21875,0.53125,0.25,0.0
0.53125,0.21875,0.5625,0.25,0.0
0.5625,0.1875,0.59375,0.21875,0.0
0.59375,0.1875,0.625,0.21875,0.0
0.5625,0.21875,0.59375,0.25,0.0
0.59375,0.21875,0.625,0.25,0.0
0.625,0.1875,0.65625,0.21875,0.0
0.65625,0.1875,0.6875,0.21875,0.0
0.625,0.21875,0.65625,0.25,0.0
0.65625,0.21875,0.6875,0.25,0.0
0.6875,0.1875,0.71875,0.21875,0.0
0.71875,0.1875,0.75,0.21875,0.000515115151534463
0.6875,0.21875,0.71875,0.25,0.0
0.71875,0.21875,0.75,0.25,0.0
0.75,0.1875,0.78125,0.21875,0.0
0.78125,0.1875,0.8125,0.21875,0.0
0.75,0.21875,0.78125,0.25,0.0
0.78125,0.21875,0.8125,0.25,0.0
0.8125,0.1875,0.84375,0.21875,0.0
0.84375,0.1875,0.875,0.21875,0.0
0.8125,0.21875,0.84375,0.25,0.0
0.84375,0.21875,0.875,0.25,0.0
0.875,0.1875,0.90625,0.21875,0.0
0.90625,0.1875,0.9375,0.21875,0.0
0.875,0.21875,0.90625,0.25,0.0
0.90625,0.21875,0.9375,0.25,0.0
0.5625,0.25,0.59375,0.28125,0.0
0.59375,0.25,0.625,0.28125,0.0
0.5625,0.28125,0.59375,0.3125,0.0
0.59375,0.28125,0.625,0.3125,0.0
0.625,0.25,0.65625,0.28125,0.0
0.65625,0.25,0.6875,0.28125,0.0
0.625,0.28125,0.65625,0.3125,0.0
0.65625,0.28125,0.6875,0.3125,0.0
0.6875,0.25,0.71875,0.28125,0.0
0.71875,0.25,0.75,0.28125,0.00045375844542952954
0.6875,0.28125,0.71875,0.3125,0.0
0.71875,0.28125,0.75,0.3125,0.0
0.75,0.25,0.78125,0.28125,0.0
0.78125,0.25,0.8125,0.28125,0.0
0.75,0.28125,0.78125,0.3125,0.0
0.78125,0.28125,0.8125,0.3125,0.0
0.8125,0.25,0.84375,0.28125,0.0
0.84375,0.25,0.875,0.28125,0.0
0.8125,0.28125,0.84375,0.3125,0.0
0.84375,0.28125,0.875,0.3125,0.0
0.875,0.25,0.90625,0.28125,0.0
0.90625,0.25,0.9375,0.28125,0.0
0.875,0.28125,0.90625,0.3125,0.0
0.90625,0.28125,0.9375,0.3125,0.0
0.875,0.3125,0.90625,0.34375,0.0
0.90625,0.3125,0.9375,0.34375,0.0
0.875,0.34375,0.90625,0.375,0.0
0.90625,0.34375,0.9375,0.375,0.0
0.875,0.375,0.90625,0.40625,0.0
0.90625,0.375,0.9375,0.40625,0.0
0.875,0.40625,0.90625,0.4375,0.0
0.90625,0.40625,0.9375,0.4375,0.0
0.875,0.4375,0.90625,0.46875,0.0
0.90625,0.4375,0.9375,0.46875,0.0
0.875,0.46875,0.90625,0.5,0.0
0.90625,0.46875,0.9375,0.5,0.0
0.875,0.5,0.90625,0.53125,0.0
0.90625,0.5,0.9375,0.53125,0.0
0.875,0.53125,0.90625,0.5625,0.0
0.90625,0.53125,0.9375,0.5625,0.0
0.875,0.5625,0.90625,0.59375,0.0
0.90625,0.5625,0.9375,0.59375,0.0
0.875,0.59375,0.90625,0.625,0.0
0.90625,0.59375,0.9375,0.625,0.0
0.875,0.625,0.90625,0.65625,0.0
0.90625,0.625,0.9375,0.65625,0.0
0.875,0.65625,0.90625,0.6875,0.0
0.90625,0.65625,0.9375,0.6875,0.0
0.875,0.6875,0.90625,0.71875,0.0
0.90625,0.6875,0.9375,0.71875,0.0
0.875,0.71875,0.90625,0.75,0.0
0.90625,0.71875,0.9375,0.75,0.0
0.875,0.75,0.90625,0.78125,0.0
0.90625,0.75,0.9375,0.78125,0.0
0.875,0.78125,0.90625,0.8125,0.0
0.90625,0.78125,0.9375,0.8125,0.0
0.875,0.8125,0.90625,0.84375,0.0
0.90625,0.8125,0.9375,0.84375,0.0
0.875,0.84375,0.90625,0.875,0.0
0.90625,0.84375,0.9375,0.875,0.0
0.8125,0.9375,0.84375,0.96875,0.0
0.84375,0.9375,0.875,0.96875,0.0
0.8125,0.96875,0.84375,1.0,0.0
0.84375,0.96875,0.875,1.0,0.0
0.875,0.875,0.90625,0.90625,0.0
0.90625,0.875,0.9375,0.90625,0.0
0.875,0.90625,0.90625,0.9375,0.0
0.90625,0.90625,0.9375,0.9375,0.0
0.875,0.9375,0.90625,0.96875,0.0
0.90625,0.9375,0.9375,0.96875,0.0
0.875,0.96875,0.90625,1.0,0.0
0.90625,0.96875,0.9375,1.0,0.0
0.0,0.25,0.03125,0.28125,0.0
0.03125,0.25,0.0625,0.28125,0.0
0.0,0.28125,0.03125,0.3125,0.0
0.03125,0.28125,0.0625,0.3125,0.0
0.0625,0.25,0.09375,0.28125,0.0
0.09375,0.25,0.125,0.28125,0.0
0.0625,0.28125,0.09375,0.3125,0.0
0.0625,0.125,0.09375,0.15625,0.0
0.09375,0.125,0.125,0.15625,0.0
0.0625,0.15625,0.09375,0.1875,0.0
0.09375,0.15625,0.125,0.1875,0.0
0.0625,0.1875,0.09375,0.21875,0.0
0.09375,0.1875,0.125,0.21875,0.0
0.0625,0.21875,0.09375,0.25,0.0
0.09375,0.21875,0.125,0.25,0.0
0.125,0.125,0.15625,0.15625,0.0
0.15625,0.125,0.1875,0.15625,0.0
0.125,0.15625,0.15625,0.1875,0.0
0.15625,0.15625,0.1875,0.1875,0.0
0.1875,0.125,0.21875,0.15625,0.0
0.21875,0.125,0.25,0.15625,0.0
0.1875,0.15625,0.21875,0.1875,0.0
0.21875,0.15625,0.25,0.1875,0.0
0.25,0.125,0.28125,0.15625,0.0
0.28125,0.125,0.3125,0.15625,0.0
0.25,0.15625,0.28125,0.1875,0.0
0.28125,0.15625,0.3125,0.1875,0.0
0.3125,0.125,0.34375,0.15625,0.0
0.34375,0.125,0.375,0.15625,0.0
0.3125,0.15625,0.34375,0.1875,0.0
0.34375,0.15625,0.375,0.1875,0.0
0.375,0.125,0.40625,0.15625,0.0
0.40625,0.125,0.4375,0.15625,0.0
0.375,0.15625,0.40625,0.1875,0.0
0.40625,0.15625,0.4375,0.1875,0.0
0.4375,0.125,0.46875,0.15625,0.0
0.46875,0.125,0.5,0.15625,0.0
0.4375,0.15625,0.46875,0.1875,0.0
0.46875,0.15625,0.5,0.1875,0.0
0.5,0.125,0.53125,0.15625,0.0
0.53125,0.125,0.5625,0.15625,0.0
0.5,0.15625,0.53125,0.1875,0.0
0.53125,0.15625,0.5625,0.1875,0.0
0.5625,0.125,0.59375,0.15625,0.0
0.59375,0.125,0.625,0.15625,0.0
0.5625,0.15625,0.59375,0.1875,0.0
0.59375,0.15625,0.625,0.1875,0.0
0.625,0.125,0.65625,0.15625,0.0
0.65625,0.125,0.6875,0.15625,0.0
0.625,0.15625,0.65625,0.1875,0.0
0.65625,0.15625,0.6875,0.1875,0.0
0.9375,0.1875,0.96875,0.21875,0.0
0.96875,0.1875,1.0,0.21875,0.0
0.9375,0.21875,0.96875,0.25,0.0
0.96875,0.21875,1.0,0.25,0.0
0.9375,0.25,0.96875,0.28125,0.0
0.96875,0.25,1.0,0.28125,0.0
0.9375,0.28125,0.96875,0.3125,0.0
0.96875,0.28125,1.0,0.3125,0.0
0.9375,0.3125,0.96875,0.34375,0.0
0.96875,0.3125,1.0,0.34375,0.0
0.9375,0.34375,0.96875,0.375,0.0
0.96875,0.34375,1.0,0.375,0.0
0.9375,0.375,0.96875,0.40625,0.0
0.96875,0.375,1.0,0.40625,0.0
0.9375,0.40625,0.96875,0.4375,0.0
0.96875,0.40625,1.0,0.4375,0.0
0.9375,0.4375,0.96875,0.46875,0.0
0.96875,0.4375,1.0,0.46875,0.0
0.9375,0.46875,0.96875,0.5,0.0
0.96875,0.46875,1.0,0.5,0.0
0.9375,0.5,0.96875,0.53125,0.0
0.96875,0.5,1.0,0.53125,0.0
0.9375,0.53125,0.96875,0.5625,0.0
0.96875,0.53125,1.0,0.5625,0.0
0.9375,0.5625,0.96875,0.59375,0.0
0.96875,0.5625,1.0,0.59375,0.0
0.9375,0.59375,0.96875,0.625,0.0
0.96875,0.59375,1.0,0.625,0.0
0.9375,0.625,0.96875,0.65625,0.0
0.96875,0.625,1.0,0.65625,0.0
0.9375,0.65625,0.96875,0.6875,0.0
0.96875,0.65625,1.0,0.6875,0.0
0.9375,0.6875,0.96875,0.71875,0.0
0.96875,0.6875,1.0,0.71875,0.0
0.9375,0.71875,0.96875,0.75,0.0
0.96875,0.71875,1.0,0.75,0.0
0.9375,0.75,0.96875,0.78125,0.0
0.96875,0.75,1.0,0.78125,0.0
0.9375,0.78125,0.96875,0.8125,0.0
0.96875,0.78125,1.0,0.8125,0.0
0.9375,0.8125,0.96875,0.84375,0.0
0.96875,0.8125,1.0,0.84375,0.0
0.9375,0.84375,0.96875,0.875,0.0
0.96875,0.84375,1.0,0.875,0.0
0.9375,0.875,0.96875,0.90625,0.0
0.96875,0.875,1.0,0.90625,0.0
0.9375,0.90625,0.96875,0.9375,0.0
0.96875,0.90625,1.0,0.9375,0.0
0.9375,0.9375,0.96875,0.96875,0.0
0.96875,0.9375,1.0,0.96875,0.0
0.9375,0.96875,0.96875,1.0,0.0
0.96875,0.96875,1.0,1.0,0.0
0.0,0.0625,0.03125,0.09375,0.0
0.03125,0.0625,0.0625,0.09375,0.0
0.0,0.09375,0.03125,0.125,0.0
0.03125,0.09375,0.0625,0.125,0.0
0.0625,0.0625,0.09375,0.09375,0.0
0.09375,0.0625,0.125,0.09375,0.0
0.0625,0.09375,0.09375,0.125,0.0
0.09375,0.09375,0.125,0.125,0.0
0.125,0.0625,0.15625,0.09375,0.0
0.15625,0.0625,0.1875,0.09375,0.0
0.125,0.09375,0.15625,0.125,0.0
0.15625,0.09375,0.1875,0.125,0.0
0.1875,0.0625,0.21875,0.09375,0.0
0.21875,0.0625,0.25,0.09375,0.0
0.1875,0.09375,0.21875,0.125,0.0
0.21875,0.09375,0.25,0.125,0.0
0.0,0.125,0.03125,0.15625,0.0
0.03125,0.125,0.0625,0.15625,0.0
0.0,0.15625,0.03125,0.1875,0.0
0.03125,0.15625,0.0625,0.1875,0.0
0.0,0.1875,0.03125,0.21875,0.0
0.03125,0.1875,0.0625,0.21875,0.0
0.0,0.21875,0.03125,0.25,0.0
0.03125,0.21875,0.0625,0.25,0.0
0.25,0.0625,0.28125,0.09375,0.0
0.28125,0.0625,0.3125,0.09375,0.0
0.25,0.09375,0.28125,0.125,0.0
0.28125,0.09375,0.3125,0.125,0.0
0.3125,0.0625,0.34375,0.09375,0.0
0.34375,0.0625,0.375,0.09375,0.0
0.3125,0.09375,0.34375,0.125,0.0
0.34375,0.09375,0.375,0.125,0.0
0.375,0.0625,0.40625,0.09375,0.0
0.40625,0.0625,0.4375,0.09375,0.0
0.375,0.09375,0.40625,0.125,0.0
0.40625,0.09375,0.4375,0.125,0.0
0.4375,0.0625,0.46875,0.09375,0.0
0.46875,0.0625,0.5,0.09375,0.0
0.4375,0.09375,0.46875,0.125,0.0
0.46875,0.09375,0.5,0.125,0.0
0.5,0.0625,0.53125,0.09375,0.0
0.53125,0.0625,0.5625,0.09375,0.0
0.5,0.09375,0.53125,0.125,0.0
0.53125,0.09375,0.5625,0.125,0.0
0.5625,0.0625,0.59375,0.09375,0.0
0.59375,0.0625,0.625,0.09375,0.0
0.5625,0.09375,0.59375,0.125,0.0
0.59375,0.09375,0.625,0.125,0.0
0.625,0.0625,0.65625,0.09375,0.0
0.65625,0.0625,0.6875,0.09375,0.0
0.625,0.09375,0.65625,0.125,0.0
0.65625,0.09375,0.6875,0.125,0.0
0.6875,0.125,0.71875,0.15625,0.0
0.71875,0.125,0.75,0.15625,0.0
0.6875,0.15625,0.71875,0.1875,0.0
0.71875,0.15625,0.75,0.1875,0.0
0.75,0.125,0.78125,0.15625,0.0
0.78125,0.125,0.8125,0.15625,0.0
0.75,0.15625,0.78125,0.1875,0.0
0.78125,0.15625,0.8125,0.1875,0.0
0.0,0.0,0.03125,0.03125,0.009244613571121054
0.03125,0.0,0.0625,0.03125,0.0
0.0,0.03125,0.03125,0.0625,0.0
0.03125,0.03125,0.0625,0.0625,0.0
0.0625,0.0,0.09375,0.03125,0.0
0.09375,0.0,0.125,0.03125,0.0
0.0625,0.03125,0.09375,0.0625,0.0
0.09375,0.03125,0.125,0.0625,0.0
0.125,0.0,0.15625,0.03125,0.0
0.15625,0.0,0.1875,0.03125,0.0
0.125,0.03125,0.15625,0.0625,0.0
0.15625,0.03125,0.1875,0.0625,0.0
0.1875,0.0,0.21875,0.03125,0.0
0.21875,0.0,0.25,0.03125,0.0
0.1875,0.03125,0.21875,0.0625,0.0
0.21875,0.03125,0.25,0.0625,0.0
0.25,0.0,0.28125,0.03125,0.0
0.28125,0.0,0.3125,0.03125,0.0
0.25,0.03125,0.28125,0.0625,0.0
0.28125,0.03125,0.3125,0.0625,0.0
0.3125,0.0,0.34375,0.03125,0.0
0.34375,0.0,0.375,0.03125,0.0
0.3125,0.03125,0.34375,0.0625,0.0
0.34375,0.03125,0.375,0.0625,0.0
0.375,0.0,0.40625,0.03125,0.0
0.40625,0.0,0.4375,0.03125,0.0
0.375,0.03125,0.40625,0.0625,0.0
0.40625,0.03125,0.4375,0.0625,0.0
0.4375,0.0,0.46875,0.03125,0.0
0.46875,0.0,0.5,0.03125,0.0
0.4375,0.03125,0.46875,0.0625,0.0
0.46875,0.03125,0.5,0.0625,0.0
0.5,0.0,0.53125,0.03125,0.0
0.53125,0.0,0.5625,0.03125,0.0
0.5,0.03125,0.53125,0.0625,0.0
0.53125,0.03125,0.5625,0.0625,0.0
0.5625,0.0,0.59375,0.03125,0.0
0.59375,0.0,0.625,0.03125,0.0
0.5625,0.03125,0.59375,0.0625,0.0
0.59375,0.03125,0.625,0.0625,0.0
0.625,0.0,0.65625,0.03125,0.0
0.65625,0.0,0.6875,0.03125,0.0
0.625,0.03125,0.65625,0.0625,0.0
0.65625,0.03125,0.6875,0.0625,0.0
0.125,0.34375,0.140625,0.359375,0.0
0.140625,0.34375,0.15625,0.359375,0.0
0.125,0.359375,0.140625,0.375,0.0
0.140625,0.359375,0.15625,0.375,0.0
0.15625,0.34375,0.171875,0.359375,0.0
0.171875,0.34375,0.1875,0.359375,0.0
0.15625,0.359375,0.171875,0.375,0.0
0.171875,0.359375,0.1875,0.375,0.0
0.1875,0.34375,0.203125,0.359375,0.0
0.203125,0.34375,0.21875,0.359375,0.0
0.1875,0.359375,0.203125,0.375,0.0
0.203125,0.359375,0.21875,0.375,0.0
0.21875,0.34375,0.234375,0.359375,0.0
0.234375,0.34375,0.25,0.359375,0.0
0.21875,0.359375,0.234375,0.375,0.0
0.234375,0.359375,0.25,0.375,0.0
0.125,0.375,0.140625,0.390625,0.0
0.140625,0.375,0.15625,0.390625,0.0
0.125,0.390625,0.140625,0.40625,0.0
0.140625,0.390625,0.15625,0.40625,0.0
0.15625,0.375,0.171875,0.390625,0.0
0.171875,0.375,0.1875,0.390625,0.0
0.15625,0.390625,0.171875,0.40625,0.0
0.171875,0.390625,0.1875,0.40625,0.0
0.1875,0.375,0.203125,0.390625,0.0
0.203125,0.375,0.21875,0.390625,0.0
0.1875,0.390625,0.203125,0.40625,0.0
0.203125,0.390625,0.21875,0.40625,0.0
0.21875,0.375,0.234375,0.390625,0.0
0.234375,0.375,0.25,0.390625,0.0
0.21875,0.390625,0.234375,0.40625,0.0
0.234375,0.390625,0.25,0.40625,0.0
0.125,0.484375,0.140625,0.5,0.006599420867433466
0.140625,0.484375,0.15625,0.5,0.0
0.15625,0.484375,0.171875,0.5,0.004138913614674809
0.171875,0.484375,0.1875,0.5,0.0
0.1875,0.484375,0.203125,0.5,0.0
0.203125,0.484375,0.21875,0.5,0.01476629318791933
0.21875,0.484375,0.234375,0.5,0.014482244726307696
0.234375,0.484375,0.25,0.5,0.0
0.25,0.34375,0.265625,0.359375,0.0
0.265625,0.34375,0.28125,0.359375,0.0
0.25,0.359375,0.265625,0.375,0.0
0.265625,0.359375,0.28125,0.375,0.0
0.28125,0.34375,0.296875,0.359375,0.0
0.296875,0.34375,0.3125,0.359375,0.0
0.28125,0.359375,0.296875,0.375,0.0
0.296875,0.359375,0.3125,0.375,0.0
0.3125,0.34375,0.328125,0.359375,0.0
0.328125,0.34375,0.34375,0.359375,0.0
0.3125,0.359375,0.328125,0.375,0.0
0.328125,0.359375,0.34375,0.375,0.0
0.34375,0.34375,0.359375,0.359375,0.0
0.359375,0.34375,0.375,0.359375,0.0
0.34375,0.359375,0.359375,0.375,0.0
0.359375,0.359375,0.375,0.375,0.0
0.375,0.34375,0.390625,0.359375,0.0
0.390625,0.34375,0.40625,0.359375,0.0
0.375,0.359375,0.390625,0.375,0.0
0.390625,0.359375,0.40625,0.375,0.0
0.40625,0.34375,0.421875,0.359375,0.0
0.421875,0.34375,0.4375,0.359375,0.0
0.40625,0.359375,0.421875,0.375,0.0
0.421875,0.359375,0.4375,0.375,0.0
0.4375,0.34375,0.453125,0.359375,0.0
0.453125,0.34375,0.46875,0.359375,0.0
0.4375,0.359375,0.453125,0.375,0.0
0.453125,0.359375,0.46875,0.375,0.0
0.25,0.375,0.265625,0.390625,0.0
0.265625,0.375,0.28125,0.390625,0.0
0.25,0.390625,0.265625,0.40625,0.0
0.265625,0.390625,0.28125,0.40625,0.0
0.28125,0.375,0.296875,0.390625,0.0
0.296875,0.375,0.3125,0.390625,0.0
0.28125,0.390625,0.296875,0.40625,0.0
0.296875,0.390625,0.3125,0.40625,0.0
0.3125,0.375,0.328125,0.390625,0.0
0.328125,0.375,0.34375,0.390625,0.0
0.3125,0.390625,0.328125,0.40625,0.0
0.328125,0.390625,0.34375,0.40625,0.0
0.34375,0.375,0.359375,0.390625,0.0
0.359375,0.375,0.375,0.390625,0.0
0.34375,0.390625,0.359375,0.40625,0.0
0.359375,0.390625,0.375,0.40625,0.0
0.25,0.484375,0.265625,0.5,0.0024590095141924038
0.265625,0.484375,0.28125,0.5,0.0010602857071995977
0.28125,0.484375,0.296875,0.5,0.00515016788192091
0.296875,0.484375,0.3125,0.5,0.0
0.3125,0.484375,0.328125,0.5,0.0
0.328125,0.484375,0.34375,0.5,0.0
0.34375,0.484375,0.359375,0.5,0.0
0.359375,0.484375,0.375,0.5,0.003502525976249956
0.375,0.375,0.390625,0.390625,0.0
0.390625,0.375,0.40625,0.390625,0.0
0.375,0.390625,0.390625,0.40625,0.0
0.390625,0.390625,0.40625,0.40625,0.0
0.40625,0.375,0.421875,0.390625,0.0
0.421875,0.375,0.4375,0.390625,0.0
0.40625,0.390625,0.421875,0.40625,0.0
0.421875,0.390625,0.4375,0.40625,0.0
0.421875,0.40625,0.4375,0.421875,0.0
0.421875,0.421875,0.4375,0.4375,0.0
0.4375,0.375,0.453125,0.390625,0.0
0.453125,0.375,0.46875,0.390625,0.0
0.4375,0.390625,0.453125,0.40625,0.0
0.453125,0.390625,0.46875,0.40625,0.0
0.4375,0.40625,0.453125,0.421875,0.0
0.453125,0.40625,0.46875,0.421875,0.0
0.4375,0.421875,0.453125,0.4375,0.0
0.453125,0.421875,0.46875,0.4375,0.0
0.421875,0.4375,0.4375,0.453125,0.000756563429406957
0.421875,0.453125,0.4375,0.46875,0.0
0.375,0.484375,0.390625,0.5,0.0
0.390625,0.484375,0.40625,0.5,0.0
0.421875,0.46875,0.4375,0.484375,0.0
0.40625,0.484375,0.421875,0.5,0.0
0.421875,0.484375,0.4375,0.5,0.0
0.4375,0.4375,0.453125,0.453125,0.0
0.453125,0.4375,0.46875,0.453125,0.0
0.4375,0.453125,0.453125,0.46875,0.002837413850822389
0.453125,0.453125,0.46875,0.46875,0.0
0.4375,0.46875,0.453125,0.484375,0.0
0.453125,0.46875,0.46875,0.484375,0.0
0.4375,0.484375,0.453125,0.5,0.0
0.453125,0.484375,0.46875,0.5,0.0
0.125,0.5,0.140625,0.515625,0.0
0.140625,0.5,0.15625,0.515625,0.0
0.125,0.515625,0.140625,0.53125,0.0
0.140625,0.515625,0.15625,0.53125,0.0
0.15625,0.5,0.171875,0.515625,0.0003772992178492062
0.171875,0.5,0.1875,0.515625,0.0
0.15625,0.515625,0.171875,0.53125,0.0
0.171875,0.515625,0.1875,0.53125,0.0
0.125,0.53125,0.140625,0.546875,0.0
0.140625,0.53125,0.15625,0.546875,0.0
0.125,0.546875,0.140625,0.5625,0.0
0.140625,0.546875,0.15625,0.5625,0.0
0.15625,0.53125,0.171875,0.546875,0.0
0.171875,0.53125,0.1875,0.546875,0.00023248735029005214
0.15625,0.546875,0.171875,0.5625,0.013453432116592508
0.171875,0.546875,0.1875,0.5625,0.0033248291346280228
0.1875,0.5,0.203125,0.515625,0.052723035634781173
0.203125,0.5,0.21875,0.515625,0.026251193697554027
0.1875,0.515625,0.203125,0.53125,0.0
0.203125,0.515625,0.21875,0.53125,0.0
0.21875,0.5,0.234375,0.515625,0.0
0.234375,0.5,0.25,0.515625,0.002418924181315528
0.21875,0.515625,0.234375,0.53125,0.0
0.234375,0.515625,0.25,0.53125,0.0
0.1875,0.53125,0.203125,0.546875,0.0
0.203125,0.53125,0.21875,0.546875,0.0
0.1875,0.546875,0.203125,0.5625,0.0
0.203125,0.546875,0.21875,0.5625,0.0
0.21875,0.53125,0.234375,0.546875,0.0
0.234375,0.53125,0.25,0.546875,0.005346564116957538
0.21875,0.546875,0.234375,0.5625,0.0
0.234375,0.546875,0.25,0.5625,0.0015099777982297427
0.125,0.5625,0.140625,0.578125,0.0
0.140625,0.5625,0.15625,0.578125,0.0
0.125,0.578125,0.140625,0.59375,0.0003712177172566205
0.140625,0.578125,0.15625,0.59375,0.0
0.15625,0.5625,0.171875,0.578125,0.0
0.171875,0.5625,0.1875,0.578125,0.0
0.15625,0.578125,0.171875,0.59375,0.0
0.171875,0.578125,0.1875,0.59375,0.0
0.125,0.59375,0.140625,0.609375,0.0
0.140625,0.59375,0.15625,0.609375,0.0
0.125,0.609375,0.140625,0.625,0.0042437218379564705
0.140625,0.609375,0.15625,0.625,0.0
0.15625,0.59375,0.171875,0.609375,0.0
0.171875,0.59375,0.1875,0.609375,0.0
0.15625,0.609375,0.171875,0.625,0.0
0.171875,0.609375,0.1875,0.625,0.0
0.1875,0.5625,0.203125,0.578125,0.0
0.203125,0.5625,0.21875,0.578125,0.0
0.1875,0.578125,0.203125,0.59375,0.0
0.203125,0.578125,0.21875,0.59375,0.0010532758823423808
0.21875,0.5625,0.234375,0.578125,0.0
0.234375,0.5625,0.25,0.578125,0.0
0.21875,0.578125,0.234375,0.59375,0.0036816516872107156
0.234375,0.578125,0.25,0.59375,0.002651825275154068
0.1875,0.59375,0.203125,0.609375,0.0
0.203125,0.59375,0.21875,0.609375,0.0
0.1875,0.609375,0.203125,0.625,0.0
0.203125,0.609375,0.21875,0.625,0.0004591158432454164
0.21875,0.59375,0.234375,0.609375,0.0012466042981420934
0.234375,0.59375,0.25,0.609375,0.0
0.21875,0.609375,0.234375,0.625,0.0027625158317317574
0.234375,0.609375,0.25,0.625,0.0
0.25,0.5,0.265625,0.515625,0.0
0.265625,0.5,0.28125,0.515625,0.0
0.25,0.515625,0.265625,0.53125,0.0
0.265625,0.515625,0.28125,0.53125,0.000823012070685786
0.28125,0.5,0.296875,0.515625,0.0029701743851822155
0.296875,0.5,0.3125,0.515625,0.0
0.28125,0.515625,0.296875,0.53125,0.005064186512530073
0.296875,0.515625,0.3125,0.53125,0.0004824194861840301
0.25,0.53125,0.265625,0.546875,0.0
0.265625,0.53125,0.28125,0.546875,0.0014795291538510186
0.25,0.546875,0.265625,0.5625,0.0023678422226198043
0.265625,0.546875,0.28125,0.5625,0.000520120111077164
0.28125,0.53125,0.296875,0.546875,0.0
0.296875,0.53125,0.3125,0.546875,0.0037454588366953026
0.28125,0.546875,0.296875,0.5625,0.0
0.296875,0.546875,0.3125,0.5625,0.0
0.3125,0.5,0.328125,0.515625,0.0
0.328125,0.5,0.34375,0.515625,0.0019770677729925995
0.3125,0.515625,0.328125,0.53125,0.00024384525076321536
0.328125,0.515625,0.34375,0.53125,0.0
0.34375,0.5,0.359375,0.515625,0.0
0.359375,0.5,0.375,0.515625,0.00019612841671191167
0.34375,0.515625,0.359375,0.53125,0.0
0.359375,0.515625,0.375,0.53125,0.0
0.3125,0.53125,0.328125,0.546875,0.0
0.328125,0.53125,0.34375,0.546875,0.0
0.3125,0.546875,0.328125,0.5625,0.0015041729341567338
0.328125,0.546875,0.34375,0.5625,0.002928978728195388
0.34375,0.53125,0.359375,0.546875,0.0
0.359375,0.53125,0.375,0.546875,0.0
0.34375,0.546875,0.359375,0.5625,0.0
0.359375,0.546875,0.375,0.5625,0.0
0.25,0.5625,0.265625,0.578125,0.0
0.265625,0.5625,0.28125,0.578125,0.002795634623490812
0.25,0.578125,0.265625,0.59375,0.0
0.265625,0.578125,0.28125,0.59375,0.0
0.28125,0.5625,0.296875,0.578125,0.0
0.296875,0.5625,0.3125,0.578125,0.0
0.28125,0.578125,0.296875,0.59375,0.0
0.296875,0.578125,0.3125,0.59375,0.0
0.25,0.59375,0.265625,0.609375,0.0
0.265625,0.59375,0.28125,0.609375,0.0
0.25,0.609375,0.265625,0.625,0.0
0.265625,0.609375,0.28125,0.625,0.0
0.28125,0.59375,0.296875,0.609375,0.0
0.296875,0.59375,0.3125,0.609375,0.0
0.28125,0.609375,0.296875,0.625,0.0
0.296875,0.609375,0.3125,0.625,0.0
0.3125,0.5625,0.328125,0.578125,0.0
0.328125,0.5625,0.34375,0.578125,0.0008725149014292778
0.3125,0.578125,0.328125,0.59375,0.0005603187459946265
0.328125,0.578125,0.34375,0.59375,0.0
0.34375,0.5625,0.359375,0.578125,0.0
0.359375,0.5625,0.375,0.578125,0.0
0.34375,0.578125,0.359375,0.59375,0.0
0.359375,0.578125,0.375,0.59375,0.0011942695112886117
0.3125,0.59375,0.328125,0.609375,0.0003203698913842658
0.328125,0.59375,0.34375,0.609375,0.0
0.3125,0.609375,0.328125,0.625,0.0010019925501785958
0.328125,0.609375,0.34375,0.625,0.0
0.34375,0.59375,0.359375,0.609375,0.0
0.359375,0.59375,0.375,0.609375,0.0
0.34375,0.609375,0.359375,0.625,0.0
0.359375,0.609375,0.375,0.625,0.0
0.375,0.5,0.390625,0.515625,0.002319750942073916
0.390625,0.5,0.40625,0.515625,0.003456185431917939
0.375,0.515625,0.390625,0.53125,0.0
0.390625,0.515625,0.40625,0.53125,0.0
0.40625,0.5,0.421875,0.515625,0.0
0.421875,0.5,0.4375,0.515625,0.0018924950156975107
0.40625,0.515625,0.421875,0.53125,0.0
0.421875,0.515625,0.4375,0.53125,0.0
0.375,0.53125,0.390625,0.546875,0.0
0.390625,0.53125,0.40625,0.546875,0.0
0.375,0.546875,0.390625,0.5625,0.0
0.390625,0.546875,0.40625,0.5625,0.0
0.40625,0.53125,0.421875,0.546875,0.0
0.421875,0.53125,0.4375,0.546875,0.0
0.40625,0.546875,0.421875,0.5625,0.0
0.421875,0.546875,0.4375,0.5625,0.0
0.4375,0.5,0.453125,0.515625,0.0
0.453125,0.5,0.46875,0.515625,0.0
0.4375,0.515625,0.453125,0.53125,0.0
0.453125,0.515625,0.46875,0.53125,0.0
0.4375,0.53125,0.453125,0.546875,0.0
0.453125,0.53125,0.46875,0.546875,0.0011924476967606593
0.4375,0.546875,0.453125,0.5625,0.0
0.453125,0.546875,0.46875,0.5625,0.0
0.375,0.5625,0.390625,0.578125,0.0
0.390625,0.5625,0.40625,0.578125,0.0
0.375,0.578125,0.390625,0.59375,0.0004061941309533993
0.390625,0.578125,0.40625,0.59375,0.0
0.40625,0.5625,0.421875,0.578125,0.0
0.421875,0.5625,0.4375,0.578125,0.0013454645118432399
0.40625,0.578125,0.421875,0.59375,0.0
0.421875,0.578125,0.4375,0.59375,0.0
0.375,0.59375,0.390625,0.609375,0.0
0.390625,0.59375,0.40625,0.609375,0.0
0.375,0.609375,0.390625,0.625,0.0024813181984733477
0.390625,0.609375,0.40625,0.625,0.0
0.40625,0.59375,0.421875,0.609375,0.0
0.421875,0.59375,0.4375,0.609375,0.0
0.40625,0.609375,0.421875,0.625,0.0
0.421875,0.609375,0.4375,0.625,0.0
0.4375,0.5625,0.453125,0.578125,0.00013725009342665834
0.453125,0.5625,0.46875,0.578125,0.0
0.4375,0.578125,0.453125,0.59375,0.0
0.453125,0.578125,0.46875,0.59375,0.0
0.4375,0.59375,0.453125,0.609375,0.0
0.453125,0.59375,0.46875,0.609375,0.0
0.4375,0.609375,0.453125,0.625,0.00042800145198032
0.453125,0.609375,0.46875,0.625,0.0
0.0625,0.375,0.078125,0.390625,0.0
0.078125,0.375,0.09375,0.390625,0.0
0.0625,0.390625,0.078125,0.40625,0.0
0.078125,0.390625,0.09375,0.40625,0.0
0.09375,0.375,0.109375,0.390625,0.0
0.109375,0.375,0.125,0.390625,0.0
0.09375,0.390625,0.109375,0.40625,0.0
0.109375,0.390625,0.125,0.40625,0.0
0.0625,0.40625,0.078125,0.421875,0.0
0.078125,0.40625,0.09375,0.421875,0.0
0.0625,0.421875,0.078125,0.4375,0.0
0.078125,0.421875,0.09375,0.4375,0.0
0.09375,0.40625,0.109375,0.421875,0.027804736925978048
0.09375,0.421875,0.109375,0.4375,0.011515706948615805
0.0625,0.4375,0.078125,0.453125,0.0
0.078125,0.4375,0.09375,0.453125,0.0
0.0625,0.453125,0.078125,0.46875,0.0
0.078125,0.453125,0.09375,0.46875,0.0
0.09375,0.4375,0.109375,0.453125,0.13755867430201965
0.09375,0.453125,0.109375,0.46875,0.01966515915533465
0.46875,0.375,0.484375,0.390625,0.0
0.484375,0.375,0.5,0.390625,0.0
0.46875,0.390625,0.484375,0.40625,0.0
0.484375,0.390625,0.5,0.40625,0.0
0.46875,0.40625,0.484375,0.421875,0.0
0.484375,0.40625,0.5,0.421875,0.0
0.46875,0.421875,0.484375,0.4375,0.0
0.484375,0.421875,0.5,0.4375,0.0
0.46875,0.4375,0.484375,0.453125,0.0
0.484375,0.4375,0.5,0.453125,0.0
0.46875,0.453125,0.484375,0.46875,0.0
0.484375,0.453125,0.5,0.46875,0.0
0.5,0.375,0.515625,0.390625,0.0
0.515625,0.375,0.53125,0.390625,0.0
0.5,0.390625,0.515625,0.40625,0.0
0.515625,0.390625,0.53125,0.40625,0.0
0.53125,0.375,0.546875,0.390625,0.0
0.546875,0.375,0.5625,0.390625,0.0
0.53125,0.390625,0.546875,0.40625,0.0
0.546875,0.390625,0.5625,0.40625,0.0
0.5,0.40625,0.515625,0.421875,0.0
0.515625,0.40625,0.53125,0.421875,0.0
0.5,0.421875,0.515625,0.4375,0.0
0.515625,0.421875,0.53125,0.4375,0.0
0.53125,0.40625,0.546875,0.421875,0.0
0.546875,0.40625,0.5625,0.421875,0.0
0.53125,0.421875,0.546875,0.4375,0.0
0.546875,0.421875,0.5625,0.4375,0.0
0.5625,0.375,0.578125,0.390625,0.0
0.578125,0.375,0.59375,0.390625,0.0
0.5625,0.390625,0.578125,0.40625,0.0
0.578125,0.390625,0.59375,0.40625,0.0
0.59375,0.375,0.609375,0.390625,0.0
0.609375,0.375,0.625,0.390625,0.0
0.59375,0.390625,0.609375,0.40625,0.0
0.609375,0.390625,0.625,0.40625,0.0
0.5625,0.40625,0.578125,0.421875,0.0
0.578125,0.40625,0.59375,0.421875,0.0
0.5625,0.421875,0.578125,0.4375,0.0
0.578125,0.421875,0.59375,0.4375,0.0
0.59375,0.40625,0.609375,0.421875,0.0
0.609375,0.40625,0.625,0.421875,0.0
0.59375,0.421875,0.609375,0.4375,0.0
0.609375,0.421875,0.625,0.4375,0.0
0.5,0.4375,0.515625,0.453125,0.0
0.515625,0.4375,0.53125,0.453125,0.0
0.5,0.453125,0.515625,0.46875,0.0
0.515625,0.453125,0.53125,0.46875,0.0
0.53125,0.4375,0.546875,0.453125,0.0
0.546875,0.4375,0.5625,0.453125,0.0
0.53125,0.453125,0.546875,0.46875,0.0
0.546875,0.453125,0.5625,0.46875,0.0
0.5625,0.4375,0.578125,0.453125,0.0
0.578125,0.4375,0.59375,0.453125,0.0
0.5625,0.453125,0.578125,0.46875,0.0
0.578125,0.453125,0.59375,0.46875,0.0
0.59375,0.4375,0.609375,0.453125,0.0
0.609375,0.4375,0.625,0.453125,0.0
0.59375,0.453125,0.609375,0.46875,0.0
0.609375,0.453125,0.625,0.46875,0.0
0.625,0.40625,0.640625,0.421875,0.0
0.640625,0.40625,0.65625,0.421875,0.0
0.625,0.421875,0.640625,0.4375,0.0
0.640625,0.421875,0.65625,0.4375,0.0
0.6875,0.0,0.71875,0.03125,0.0
0.71875,0.0,0.75,0.03125,0.0
0.6875,0.03125,0.71875,0.0625,0.0
0.71875,0.03125,0.75,0.0625,0.0
0.6875,0.0625,0.71875,0.09375,0.0
0.71875,0.0625,0.75,0.09375,0.0
0.6875,0.09375,0.71875,0.125,0.0
0.71875,0.09375,0.75,0.125,0.0
0.0,0.375,0.015625,0.390625,0.0
0.015625,0.375,0.03125,0.390625,0.0
0.0,0.390625,0.015625,0.40625,0.0
0.015625,0.390625,0.03125,0.40625,0.0
0.03125,0.375,0.046875,0.390625,0.0
0.046875,0.375,0.0625,0.390625,0.0
0.03125,0.390625,0.046875,0.40625,0.0
0.046875,0.390625,0.0625,0.40625,0.0
0.0,0.40625,0.015625,0.421875,0.0
0.015625,0.40625,0.03125,0.421875,0.0
0.0,0.421875,0.015625,0.4375,0.0
0.015625,0.421875,0.03125,0.4375,0.0
0.03125,0.40625,0.046875,0.421875,0.0
0.046875,0.40625,0.0625,0.421875,0.0
0.03125,0.421875,0.046875,0.4375,0.0
0.046875,0.421875,0.0625,0.4375,0.0
0.0,0.4375,0.015625,0.453125,0.0
0.015625,0.4375,0.03125,0.453125,0.0
0.0,0.453125,0.015625,0.46875,0.0
0.015625,0.453125,0.03125,0.46875,0.0
0.03125,0.4375,0.046875,0.453125,0.0
0.046875,0.4375,0.0625,0.453125,0.0
0.03125,0.453125,0.046875,0.46875,0.0
0.046875,0.453125,0.0625,0.46875,0.0
0.625,0.375,0.640625,0.390625,0.0
0.640625,0.375,0.65625,0.390625,0.0
0.625,0.390625,0.640625,0.40625,0.0
0.640625,0.390625,0.65625,0.40625,0.0
0.65625,0.375,0.671875,0.390625,0.0
0.671875,0.375,0.6875,0.390625,0.0
0.65625,0.390625,0.671875,0.40625,0.0
0.671875,0.390625,0.6875,0.40625,0.0
0.65625,0.40625,0.671875,0.421875,0.0
0.671875,0.40625,0.6875,0.421875,0.0
0.65625,0.421875,0.671875,0.4375,0.0
0.671875,0.421875,0.6875,0.4375,0.0
0.625,0.4375,0.640625,0.453125,0.0
0.640625,0.4375,0.65625,0.453125,0.0
0.625,0.453125,0.640625,0.46875,0.0
0.640625,0.453125,0.65625,0.46875,0.0
0.65625,0.4375,0.671875,0.453125,0.0
0.671875,0.4375,0.6875,0.453125,0.0
0.65625,0.453125,0.671875,0.46875,0.0
0.671875,0.453125,0.6875,0.46875,0.0
0.8125,0.125,0.84375,0.15625,0.0
0.84375,0.125,0.875,0.15625,0.0
0.8125,0.15625,0.84375,0.1875,0.0
0.84375,0.15625,0.875,0.1875,0.0
0.875,0.125,0.90625,0.15625,0.0
0.90625,0.125,0.9375,0.15625,0.0
0.875,0.15625,0.90625,0.1875,0.0
0.90625,0.15625,0.9375,0.1875,0.0
0.75,0.0625,0.78125,0.09375,0.0
0.78125,0.0625,0.8125,0.09375,0.0
0.75,0.09375,0.78125,0.125,0.0
0.78125,0.09375,0.8125,0.125,0.0
0.8125,0.0625,0.84375,0.09375,0.0
0.84375,0.0625,0.875,0.09375,0.0
0.8125,0.09375,0.84375,0.125,0.0
0.84375,0.09375,0.875,0.125,0.0
0.875,0.0,0.9375,0.0625,0.0
0.9375,0.0,1.0,0.0625,0.0
0.875,0.0625,0.90625,0.09375,0.0
0.90625,0.0625,0.9375,0.09375,0.0
0.875,0.09375,0.90625,0.125,0.0
0.90625,0.09375,0.9375,0.125,0.0
0.9375,0.0625,0.96875,0.09375,0.0
0.96875,0.0625,1.0,0.09375,0.0
0.9375,0.09375,0.96875,0.125,0.0
0.96875,0.09375,1.0,0.125,0.0
0.9375,0.125,0.96875,0.15625,0.0
0.96875,0.125,1.0,0.15625,0.0
0.9375,0.15625,0.96875,0.1875,0.0
0.96875,0.15625,1.0,0.1875,0.0
0.09375,0.34375,0.109375,0.359375,0.0
0.109375,0.34375,0.125,0.359375,0.0
0.09375,0.359375,0.109375,0.375,0.0
0.109375,0.359375,0.125,0.375,0.0
0.09375,0.46875,0.109375,0.484375,0.0
0.09375,0.484375,0.109375,0.5,0.014379758263406567
0.109375,0.484375,0.125,0.5,0.0
0.46875,0.34375,0.484375,0.359375,0.0
0.484375,0.34375,0.5,0.359375,0.0
0.46875,0.359375,0.484375,0.375,0.0
0.484375,0.359375,0.5,0.375,0.0
0.46875,0.46875,0.484375,0.484375,0.0
0.484375,0.46875,0.5,0.484375,0.0
0.46875,0.484375,0.484375,0.5,0.0
0.484375,0.484375,0.5,0.5,0.0
0.5,0.34375,0.515625,0.359375,0.0
0.515625,0.34375,0.53125,0.359375,0.0
0.5,0.359375,0.515625,0.375,0.0
0.515625,0.359375,0.53125,0.375,0.0
0.53125,0.34375,0.546875,0.359375,0.0
0.546875,0.34375,0.5625,0.359375,0.0
0.53125,0.359375,0.546875,0.375,0.0
0.546875,0.359375,0.5625,0.375,0.0
0.5625,0.34375,0.578125,0.359375,0.0
0.578125,0.34375,0.59375,0.359375,0.0
0.5625,0.359375,0.578125,0.375,0.0
0.578125,0.359375,0.59375,0.375,0.0
0.59375,0.34375,0.609375,0.359375,0.0
0.609375,0.34375,0.625,0.359375,0.0
0.59375,0.359375,0.609375,0.375,0.0
0.609375,0.359375,0.625,0.375,0.0
0.625,0.34375,0.640625,0.359375,0.0
0.640625,0.34375,0.65625,0.359375,0.0
0.625,0.359375,0.640625,0.375,0.0
0.640625,0.359375,0.65625,0.375,0.0
0.65625,0.34375,0.671875,0.359375,0.0
0.671875,0.34375,0.6875,0.359375,0.0
0.65625,0.359375,0.671875,0.375,0.0
0.671875,0.359375,0.6875,0.375,0.0
0.6875,0.34375,0.703125,0.359375,0.0
0.703125,0.34375,0.71875,0.359375,0.0
0.6875,0.359375,0.703125,0.375,0.0
0.703125,0.359375,0.71875,0.375,0.0
0.71875,0.34375,0.734375,0.359375,0.0
0.734375,0.34375,0.75,0.359375,0.0
0.71875,0.359375,0.734375,0.375,0.0
0.734375,0.359375,0.75,0.375,0.0
0.5,0.46875,0.515625,0.484375,0.001254185303471097
0.515625,0.46875,0.53125,0.484375,0.0
0.5,0.484375,0.515625,0.5,0.0
0.515625,0.484375,0.53125,0.5,0.0
0.53125,0.46875,0.546875,0.484375,0.0
0.546875,0.46875,0.5625,0.484375,0.0022133437133846807
0.53125,0.484375,0.546875,0.5,0.0
0.546875,0.484375,0.5625,0.5,0.0
0.5625,0.46875,0.578125,0.484375,0.0001934522897887622
0.578125,0.46875,0.59375,0.484375,0.0008943919859475584
0.5625,0.484375,0.578125,0.5,0.0
0.578125,0.484375,0.59375,0.5,0.0
0.59375,0.46875,0.609375,0.484375,0.00032703403533633924
0.609375,0.46875,0.625,0.484375,0.0
0.59375,0.484375,0.609375,0.5,0.0
0.609375,0.484375,0.625,0.5,0.0
0.6875,0.375,0.703125,0.390625,0.0
0.703125,0.375,0.71875,0.390625,0.0
0.6875,0.390625,0.703125,0.40625,0.0
0.703125,0.390625,0.71875,0.40625,0.0
0.71875,0.375,0.734375,0.390625,0.0
0.734375,0.375,0.75,0.390625,0.0
0.71875,0.390625,0.734375,0.40625,0.0
0.734375,0.390625,0.75,0.40625,0.0
0.6875,0.40625,0.703125,0.421875,0.0
0.703125,0.40625,0.71875,0.421875,0.0
0.6875,0.421875,0.703125,0.4375,0.0
0.703125,0.421875,0.71875,0.4375,0.0
0.71875,0.40625,0.734375,0.421875,0.0
0.734375,0.40625,0.75,0.421875,0.0
0.71875,0.421875,0.734375,0.4375,0.0
0.734375,0.421875,0.75,0.4375,0.0
0.625,0.46875,0.640625,0.484375,0.0
0.640625,0.46875,0.65625,0.484375,0.0
0.625,0.484375,0.640625,0.5,0.0
0.640625,0.484375,0.65625,0.5,0.0
0.65625,0.46875,0.671875,0.484375,0.0
0.671875,0.46875,0.6875,0.484375,0.0
0.65625,0.484375,0.671875,0.5,0.0
0.671875,0.484375,0.6875,0.5,0.0
0.6875,0.4375,0.703125,0.453125,0.0
0.703125,0.4375,0.71875,0.453125,0.0
0.6875,0.453125,0.703125,0.46875,0.0
0.703125,0.453125,0.71875,0.46875,0.0
0.71875,0.4375,0.734375,0.453125,0.0
0.734375,0.4375,0.75,0.453125,0.0
0.71875,0.453125,0.734375,0.46875,0.0
0.734375,0.453125,0.75,0.46875,0.0
0.6875,0.46875,0.703125,0.484375,0.0
0.703125,0.46875,0.71875,0.484375,0.0
0.6875,0.484375,0.703125,0.5,0.0
0.703125,0.484375,0.71875,0.5,0.0
0.71875,0.46875,0.734375,0.484375,0.0
0.734375,0.46875,0.75,0.484375,0.0
0.71875,0.484375,0.734375,0.5,0.0
0.734375,0.484375,0.75,0.5,0.0
0.75,0.34375,0.765625,0.359375,0.0
0.765625,0.34375,0.78125,0.359375,0.0
0.75,0.359375,0.765625,0.375,0.0
0.765625,0.359375,0.78125,0.375,0.0
0.78125,0.34375,0.796875,0.359375,0.0
0.796875,0.34375,0.8125,0.359375,0.0
0.78125,0.359375,0.796875,0.375,0.0
0.796875,0.359375,0.8125,0.375,0.0
0.8125,0.34375,0.828125,0.359375,0.0
0.828125,0.34375,0.84375,0.359375,0.0
0.8125,0.359375,0.828125,0.375,0.0
0.828125,0.359375,0.84375,0.375,0.0
0.75,0.375,0.765625,0.390625,0.0
0.765625,0.375,0.78125,0.390625,0.0
0.75,0.390625,0.765625,0.40625,0.0
0.765625,0.390625,0.78125,0.40625,0.0
0.78125,0.375,0.796875,0.390625,0.0
0.796875,0.375,0.8125,0.390625,0.0
0.78125,0.390625,0.796875,0.40625,0.0
0.796875,0.390625,0.8125,0.40625,0.0
0.75,0.40625,0.765625,0.421875,0.0
0.765625,0.40625,0.78125,0.421875,0.0
0.75,0.421875,0.765625,0.4375,0.0
0.765625,0.421875,0.78125,0.4375,0.0
0.78125,0.40625,0.796875,0.421875,0.0
0.796875,0.40625,0.8125,0.421875,0.0
0.78125,0.421875,0.796875,0.4375,0.0003305297344741721
0.796875,0.421875,0.8125,0.4375,0.0
0.8125,0.375,0.828125,0.390625,0.0
0.828125,0.375,0.84375,0.390625,0.0
0.8125,0.390625,0.828125,0.40625,0.0
0.828125,0.390625,0.84375,0.40625,0.0
0.8125,0.40625,0.828125,0.421875,0.0
0.828125,0.40625,0.84375,0.421875,0.0
0.8125,0.421875,0.828125,0.4375,0.0
0.828125,0.421875,0.84375,0.4375,0.0
0.75,0.4375,0.765625,0.453125,0.0
0.765625,0.4375,0.78125,0.453125,0.0
0.75,0.453125,0.765625,0.46875,0.0
0.765625,0.453125,0.78125,0.46875,0.0
0.78125,0.4375,0.796875,0.453125,0.0
0.796875,0.4375,0.8125,0.453125,0.0
0.78125,0.453125,0.796875,0.46875,0.0
0.796875,0.453125,0.8125,0.46875,0.0
0.75,0.46875,0.765625,0.484375,0.0002884750521050757
0.765625,0.46875,0.78125,0.484375,0.0
0.75,0.484375,0.765625,0.5,0.0
0.765625,0.484375,0.78125,0.5,0.0
0.78125,0.46875,0.796875,0.484375,0.0
0.796875,0.46875,0.8125,0.484375,0.0
0.78125,0.484375,0.796875,0.5,0.0
0.796875,0.484375,0.8125,0.5,0.0
0.8125,0.4375,0.828125,0.453125,0.0
0.828125,0.4375,0.84375,0.453125,0.0
0.8125,0.453125,0.828125,0.46875,0.0
0.828125,0.453125,0.84375,0.46875,0.0
0.8125,0.46875,0.828125,0.484375,0.0
0.828125,0.46875,0.84375,0.484375,0.0
0.8125,0.484375,0.828125,0.5,0.0
0.828125,0.484375,0.84375,0.5,0.0
0.09375,0.5,0.109375,0.515625,0.0
0.109375,0.5,0.125,0.515625,0.0
0.09375,0.515625,0.109375,0.53125,0.04982568668411691
0.109375,0.515625,0.125,0.53125,0.0
0.09375,0.53125,0.109375,0.546875,0.0
0.109375,0.53125,0.125,0.546875,0.009035795462670915
0.09375,0.546875,0.109375,0.5625,0.0012528869095462334
0.109375,0.546875,0.125,0.5625,0.0
0.09375,0.5625,0.109375,0.578125,0.0072591924068463485
0.109375,0.5625,0.125,0.578125,0.0
0.09375,0.578125,0.109375,0.59375,0.0
0.109375,0.578125,0.125,0.59375,0.0
0.46875,0.5,0.484375,0.515625,0.0
0.484375,0.5,0.5,0.515625,0.0
0.46875,0.515625,0.484375,0.53125,0.0
0.484375,0.515625,0.5,0.53125,0.0
0.46875,0.53125,0.484375,0.546875,0.0
0.484375,0.53125,0.5,0.546875,0.002184157959682285
0.46875,0.546875,0.484375,0.5625,0.0
0.484375,0.546875,0.5,0.5625,0.0015030538134594433
0.46875,0.5625,0.484375,0.578125,0.0
0.484375,0.5625,0.5,0.578125,0.0
0.46875,0.578125,0.484375,0.59375,0.0
0.484375,0.578125,0.5,0.59375,0.0005320959755907989
0.5,0.5,0.515625,0.515625,0.0
0.515625,0.5,0.53125,0.515625,0.0
0.5,0.515625,0.515625,0.53125,0.0
0.515625,0.515625,0.53125,0.53125,0.0
0.53125,0.5,0.546875,0.515625,0.0
0.546875,0.5,0.5625,0.515625,0.0
0.53125,0.515625,0.546875,0.53125,0.0
0.546875,0.515625,0.5625,0.53125,0.0
0.5,0.53125,0.515625,0.546875,0.0
0.515625,0.53125,0.53125,0.546875,0.0
0.5,0.546875,0.515625,0.5625,0.0
0.515625,0.546875,0.53125,0.5625,0.0
0.53125,0.53125,0.546875,0.546875,0.0
0.546875,0.53125,0.5625,0.546875,0.0
0.53125,0.546875,0.546875,0.5625,0.0
0.546875,0.546875,0.5625,0.5625,0.0
0.5625,0.5,0.578125,0.515625,0.0
0.578125,0.5,0.59375,0.515625,0.0
0.5625,0.515625,0.578125,0.53125,0.0
0.578125,0.515625,0.59375,0.53125,0.0
0.59375,0.5,0.609375,0.515625,0.0
0.609375,0.5,0.625,0.515625,0.0
0.59375,0.515625,0.609375,0.53125,0.0
0.609375,0.515625,0.625,0.53125,0.0
0.5625,0.53125,0.578125,0.546875,0.0
0.578125,0.53125,0.59375,0.546875,0.0
0.5625,0.546875,0.578125,0.5625,0.0
0.578125,0.546875,0.59375,0.5625,0.0
0.59375,0.53125,0.609375,0.546875,0.0
0.609375,0.53125,0.625,0.546875,0.0
0.59375,0.546875,0.609375,0.5625,0.0
0.609375,0.546875,0.625,0.5625,0.0
0.5,0.5625,0.515625,0.578125,0.0
0.515625,0.5625,0.53125,0.578125,0.0
0.5,0.578125,0.515625,0.59375,0.0
0.515625,0.578125,0.53125,0.59375,0.0010359899052254813
0.53125,0.5625,0.546875,0.578125,0.0
0.546875,0.5625,0.5625,0.578125,0.0
0.53125,0.578125,0.546875,0.59375,0.0
0.546875,0.578125,0.5625,0.59375,0.0
0.5625,0.5625,0.578125,0.578125,0.0
0.578125,0.5625,0.59375,0.578125,0.0
0.5625,0.578125,0.578125,0.59375,0.0
0.578125,0.578125,0.59375,0.59375,0.0
0.59375,0.5625,0.609375,0.578125,0.0
0.609375,0.5625,0.625,0.578125,0.0
0.59375,0.578125,0.609375,0.59375,0.0008026035762241333
0.609375,0.578125,0.625,0.59375,0.0
0.625,0.5,0.640625,0.515625,0.0
0.640625,0.5,0.65625,0.515625,0.0
0.625,0.515625,0.640625,0.53125,0.0
0.640625,0.515625,0.65625,0.53125,0.0
0.65625,0.5,0.671875,0.515625,0.0
0.671875,0.5,0.6875,0.515625,0.0
0.65625,0.515625,0.671875,0.53125,0.0
0.671875,0.515625,0.6875,0.53125,0.0
0.625,0.53125,0.640625,0.546875,0.0
0.640625,0.53125,0.65625,0.546875,0.0
0.625,0.546875,0.640625,0.5625,0.0
0.640625,0.546875,0.65625,0.5625,0.0
0.65625,0.53125,0.671875,0.546875,0.0
0.671875,0.53125,0.6875,0.546875,0.0
0.65625,0.546875,0.671875,0.5625,0.0
0.671875,0.546875,0.6875,0.5625,0.0
0.6875,0.5,0.703125,0.515625,0.0
0.703125,0.5,0.71875,0.515625,0.0
0.6875,0.515625,0.703125,0.53125,0.0
0.703125,0.515625,0.71875,0.53125,0.0
0.71875,0.5,0.734375,0.515625,0.0
0.734375,0.5,0.75,0.515625,0.0
0.71875,0.515625,0.734375,0.53125,0.0
0.734375,0.515625,0.75,0.53125,0.0
0.6875,0.53125,0.703125,0.546875,0.0
0.703125,0.53125,0.71875,0.546875,0.0
0.6875,0.546875,0.703125,0.5625,0.0
0.703125,0.546875,0.71875,0.5625,0.0
0.71875,0.53125,0.734375,0.546875,0.0
0.734375,0.53125,0.75,0.546875,0.0
0.71875,0.546875,0.734375,0.5625,0.0
0.734375,0.546875,0.75,0.5625,0.0
0.625,0.5625,0.640625,0.578125,0.0
0.640625,0.5625,0.65625,0.578125,0.0
0.625,0.578125,0.640625,0.59375,0.0
0.640625,0.578125,0.65625,0.59375,0.0
0.65625,0.5625,0.671875,0.578125,0.0
0.671875,0.5625,0.6875,0.578125,0.0
0.65625,0.578125,0.671875,0.59375,0.0
0.671875,0.578125,0.6875,0.59375,0.0
0.6875,0.5625,0.703125,0.578125,0.0
0.703125,0.5625,0.71875,0.578125,0.0
0.6875,0.578125,0.703125,0.59375,0.0
0.703125,0.578125,0.71875,0.59375,0.0
0.71875,0.5625,0.734375,0.578125,0.0
0.734375,0.5625,0.75,0.578125,0.0
0.71875,0.578125,0.734375,0.59375,0.0
0.734375,0.578125,0.75,0.59375,0.0
0.75,0.5,0.765625,0.515625,0.0
0.765625,0.5,0.78125,0.515625,0.0
0.75,0.515625,0.765625,0.53125,0.0
0.765625,0.515625,0.78125,0.53125,0.0
0.78125,0.5,0.796875,0.515625,0.0
0.796875,0.5,0.8125,0.515625,0.0
0.78125,0.515625,0.796875,0.53125,0.0
0.796875,0.515625,0.8125,0.53125,0.0
0.75,0.53125,0.765625,0.546875,0.0
0.765625,0.53125,0.78125,0.546875,0.0
0.75,0.546875,0.765625,0.5625,0.0
0.765625,0.546875,0.78125,0.5625,0.0
0.78125,0.53125,0.796875,0.546875,0.0
0.796875,0.53125,0.8125,0.546875,0.0
0.78125,0.546875,0.796875,0.5625,0.0
0.796875,0.546875,0.8125,0.5625,0.0
0.8125,0.5,0.828125,0.515625,0.0
0.828125,0.5,0.84375,0.515625,0.0
0.8125,0.515625,0.828125,0.53125,0.0
0.828125,0.515625,0.84375,0.53125,0.0
0.8125,0.53125,0.828125,0.546875,0.0
0.828125,0.53125,0.84375,0.546875,0.0
0.8125,0.546875,0.828125,0.5625,0.0
0.828125,0.546875,0.84375,0.5625,0.0
0.75,0.5625,0.765625,0.578125,0.0
0.765625,0.5625,0.78125,0.578125,0.0
0.75,0.578125,0.765625,0.59375,0.0
0.765625,0.578125,0.78125,0.59375,0.0
0.78125,0.5625,0.796875,0.578125,0.0
0.796875,0.5625,0.8125,0.578125,0.0
0.78125,0.578125,0.796875,0.59375,0.0
0.796875,0.578125,0.8125,0.59375,0.0
0.8125,0.5625,0.828125,0.578125,0.0
0.828125,0.5625,0.84375,0.578125,0.0
0.8125,0.578125,0.828125,0.59375,0.0
0.828125,0.578125,0.84375,0.59375,0.0
0.75,0.0,0.78125,0.03125,0.0
0.78125,0.0,0.8125,0.03125,0.0
0.75,0.03125,0.78125,0.0625,0.0
0.78125,0.03125,0.8125,0.0625,0.0
0.8125,0.0,0.84375,0.03125,0.0
0.84375,0.0,0.875,0.03125,0.0
0.8125,0.03125,0.84375,0.0625,0.0
0.84375,0.03125,0.875,0.0625,0.0
0.0,0.46875,0.015625,0.484375,0.0
0.015625,0.46875,0.03125,0.484375,0.0
0.0,0.484375,0.015625,0.5,0.0
0.015625,0.484375,0.03125,0.5,0.0
0.03125,0.46875,0.046875,0.484375,0.0
0.046875,0.46875,0.0625,0.484375,0.0
0.03125,0.484375,0.046875,0.5,0.0
0.046875,0.484375,0.0625,0.5,0.0
0.0625,0.46875,0.078125,0.484375,0.0
0.078125,0.46875,0.09375,0.484375,0.0
0.0625,0.484375,0.078125,0.5,0.0
0.078125,0.484375,0.09375,0.5,0.0
0.0,0.5,0.015625,0.515625,0.0
0.015625,0.5,0.03125,0.515625,0.0
0.0,0.515625,0.015625,0.53125,0.0
0.015625,0.515625,0.03125,0.53125,0.0
0.03125,0.5,0.046875,0.515625,0.0
0.046875,0.5,0.0625,0.515625,0.0
0.03125,0.515625,0.046875,0.53125,0.0
0.046875,0.515625,0.0625,0.53125,0.0
0.0625,0.5,0.078125,0.515625,0.0
0.078125,0.5,0.09375,0.515625,0.0
0.0625,0.515625,0.078125,0.53125,0.0
0.078125,0.515625,0.09375,0.53125,0.0
0.109375,0.40625,0.1171875,0.4140625,0.0
0.1171875,0.40625,0.125,0.4140625,0.0
0.109375,0.4140625,0.1171875,0.421875,0.08097120007481443
0.1171875,0.4140625,0.125,0.421875,0.0
0.109375,0.421875,0.1171875,0.4296875,0.019454731492009665
0.1171875,0.421875,0.125,0.4296875,0.0
0.109375,0.4296875,0.1171875,0.4375,0.0
0.1171875,0.4296875,0.125,0.4375,0.0
0.109375,0.4375,0.1171875,0.4453125,0.0
0.1171875,0.4375,0.125,0.4453125,0.0
0.109375,0.4453125,0.1171875,0.453125,0.0
0.1171875,0.4453125,0.125,0.453125,0.0
0.109375,0.453125,0.1171875,0.4609375,0.0
0.1171875,0.453125,0.125,0.4609375,0.0
0.109375,0.4609375,0.1171875,0.46875,0.018890059968456115
0.1171875,0.4609375,0.125,0.46875,0.03234302903920245
0.109375,0.46875,0.1171875,0.4765625,0.01871492453073811
0.1171875,0.46875,0.125,0.4765625,0.0
0.109375,0.4765625,0.1171875,0.484375,0.019185786065172284
0.1171875,0.4765625,0.125,0.484375,0.0
0.125,0.40625,0.1328125,0.4140625,0.0
0.1328125,0.40625,0.140625,0.4140625,0.0
0.125,0.4140625,0.1328125,0.421875,0.0
0.1328125,0.4140625,0.140625,0.421875,0.0
0.140625,0.40625,0.1484375,0.4140625,0.0
0.1484375,0.40625,0.15625,0.4140625,0.0
0.140625,0.4140625,0.1484375,0.421875,0.0
0.1484375,0.4140625,0.15625,0.421875,0.009197715996864232
0.125,0.421875,0.1328125,0.4296875,0.0
0.1328125,0.421875,0.140625,0.4296875,0.0
0.125,0.4296875,0.1328125,0.4375,0.0
0.1328125,0.4296875,0.140625,0.4375,0.0
0.140625,0.421875,0.1484375,0.4296875,0.0
0.1484375,0.421875,0.15625,0.4296875,0.0
0.140625,0.4296875,0.1484375,0.4375,0.0
0.1484375,0.4296875,0.15625,0.4375,0.0
0.15625,0.40625,0.1640625,0.4140625,0.0
0.1640625,0.40625,0.171875,0.4140625,0.0
0.15625,0.4140625,0.1640625,0.421875,0.005488837504225838
0.1640625,0.4140625,0.171875,0.421875,0.0016714525607336847
0.171875,0.40625,0.1796875,0.4140625,0.0
0.1796875,0.40625,0.1875,0.4140625,0.0
0.171875,0.4140625,0.1796875,0.421875,0.007091369803021216
0.1796875,0.4140625,0.1875,0.421875,0.0
0.15625,0.421875,0.1640625,0.4296875,0.0
0.1640625,0.421875,0.171875,0.4296875,0.0
0.15625,0.4296875,0.1640625,0.4375,0.0
0.1640625,0.4296875,0.171875,0.4375,0.0
0.171875,0.421875,0.1796875,0.4296875,0.0
0.1796875,0.421875,0.1875,0.4296875,0.0
0.171875,0.4296875,0.1796875,0.4375,0.0
0.1796875,0.4296875,0.1875,0.4375,0.0
0.1875,0.40625,0.1953125,0.4140625,0.0
0.1953125,0.40625,0.203125,0.4140625,0.0
0.1875,0.4140625,0.1953125,0.421875,0.004602067489130362
0.1953125,0.4140625,0.203125,0.421875,0.0315688773273283
0.203125,0.40625,0.2109375,0.4140625,0.0
0.2109375,0.40625,0.21875,0.4140625,0.0
0.203125,0.4140625,0.2109375,0.421875,0.0
0.2109375,0.4140625,0.21875,0.421875,0.0
0.1875,0.421875,0.1953125,0.4296875,0.0
0.1953125,0.421875,0.203125,0.4296875,0.0
0.1875,0.4296875,0.1953125,0.4375,0.0
0.1953125,0.4296875,0.203125,0.4375,0.0
0.203125,0.421875,0.2109375,0.4296875,0.0
0.2109375,0.421875,0.21875,0.4296875,0.0
0.203125,0.4296875,0.2109375,0.4375,0.0
0.2109375,0.4296875,0.21875,0.4375,0.0
0.21875,0.40625,0.2265625,0.4140625,0.0
0.2265625,0.40625,0.234375,0.4140625,0.0
0.21875,0.4140625,0.2265625,0.421875,0.008425102113851553
0.2265625,0.4140625,0.234375,0.421875,0.0
0.234375,0.40625,0.2421875,0.4140625,0.0
0.2421875,0.40625,0.25,0.4140625,0.0
0.234375,0.4140625,0.2421875,0.421875,0.009470252279938807
0.2421875,0.4140625,0.25,0.421875,0.0015305918865840054
0.21875,0.421875,0.2265625,0.4296875,0.0
0.2265625,0.421875,0.234375,0.4296875,0.0
0.21875,0.4296875,0.2265625,0.4375,0.0
0.2265625,0.4296875,0.234375,0.4375,0.0
0.234375,0.421875,0.2421875,0.4296875,0.0
0.2421875,0.421875,0.25,0.4296875,0.0
0.234375,0.4296875,0.2421875,0.4375,0.0
0.2421875,0.4296875,0.25,0.4375,0.0
0.125,0.4375,0.1328125,0.4453125,0.0
0.1328125,0.4375,0.140625,0.4453125,0.0
0.125,0.4453125,0.1328125,0.453125,0.0
0.1328125,0.4453125,0.140625,0.453125,0.0
0.140625,0.4375,0.1484375,0.4453125,0.0
0.1484375,0.4375,0.15625,0.4453125,0.0
0.140625,0.4453125,0.1484375,0.453125,0.0
0.1484375,0.4453125,0.15625,0.453125,0.0
0.125,0.453125,0.1328125,0.4609375,0.0239389208926179
0.1328125,0.453125,0.140625,0.4609375,0.0
0.125,0.4609375,0.1328125,0.46875,0.0
0.1328125,0.4609375,0.140625,0.46875,0.012081290307137872
0.140625,0.453125,0.1484375,0.4609375,0.01979450660182977
0.1484375,0.453125,0.15625,0.4609375,0.0
0.140625,0.4609375,0.1484375,0.46875,0.0
0.1484375,0.4609375,0.15625,0.46875,0.0
0.15625,0.4375,0.1640625,0.4453125,0.0
0.1640625,0.4375,0.171875,0.4453125,0.0
0.15625,0.4453125,0.1640625,0.453125,0.0
0.1640625,0.4453125,0.171875,0.453125,0.0
0.171875,0.4375,0.1796875,0.4453125,0.0
0.1796875,0.4375,0.1875,0.4453125,0.0
0.171875,0.4453125,0.1796875,0.453125,0.0
0.1796875,0.4453125,0.1875,0.453125,0.0
0.15625,0.453125,0.1640625,0.4609375,0.0
0.1640625,0.453125,0.171875,0.4609375,0.0
0.15625,0.4609375,0.1640625,0.46875,0.0
0.1640625,0.4609375,0.171875,0.46875,0.0
0.171875,0.453125,0.1796875,0.4609375,0.0
0.1796875,0.453125,0.1875,0.4609375,0.0
0.171875,0.4609375,0.1796875,0.46875,0.0
0.1796875,0.4609375,0.1875,0.46875,0.017894241051817923
0.125,0.46875,0.1328125,0.4765625,0.0
0.1328125,0.46875,0.140625,0.4765625,0.0
0.125,0.4765625,0.1328125,0.484375,0.0
0.1328125,0.4765625,0.140625,0.484375,0.0
0.140625,0.46875,0.1484375,0.4765625,0.0
0.1484375,0.46875,0.15625,0.4765625,0.0
0.140625,0.4765625,0.1484375,0.484375,0.0
0.1484375,0.4765625,0.15625,0.484375,0.0
0.15625,0.46875,0.1640625,0.4765625,0.0
0.1640625,0.46875,0.171875,0.4765625,0.0
0.15625,0.4765625,0.1640625,0.484375,0.0
0.1640625,0.4765625,0.171875,0.484375,0.0
0.171875,0.46875,0.1796875,0.4765625,0.0
0.1796875,0.46875,0.1875,0.4765625,0.0
0.171875,0.4765625,0.1796875,0.484375,0.0
0.1796875,0.4765625,0.1875,0.484375,0.0
0.1875,0.4375,0.1953125,0.4453125,0.0
0.1953125,0.4375,0.203125,0.4453125,0.0
0.1875,0.4453125,0.1953125,0.453125,0.0
0.1953125,0.4453125,0.203125,0.453125,0.0
0.203125,0.4375,0.2109375,0.4453125,0.0
0.2109375,0.4375,0.21875,0.4453125,0.0
0.203125,0.4453125,0.2109375,0.453125,0.0
0.2109375,0.4453125,0.21875,0.453125,0.0
0.1875,0.453125,0.1953125,0.4609375,0.0
0.1953125,0.453125,0.203125,0.4609375,0.0
0.1875,0.4609375,0.1953125,0.46875,0.0
0.1953125,0.4609375,0.203125,0.46875,0.0
0.203125,0.453125,0.2109375,0.4609375,0.019812979625749447
0.2109375,0.453125,0.21875,0.4609375,0.0052810282176595155
0.203125,0.4609375,0.2109375,0.46875,0.0
0.2109375,0.4609375,0.21875,0.46875,0.0
0.21875,0.4375,0.2265625,0.4453125,0.0
0.2265625,0.4375,0.234375,0.4453125,0.0
0.21875,0.4453125,0.2265625,0.453125,0.000566658892031024
0.2265625,0.4453125,0.234375,0.453125,0.006678185407664955
0.234375,0.4375,0.2421875,0.4453125,0.0
0.2421875,0.4375,0.25,0.4453125,0.0028312690353596293
0.234375,0.4453125,0.2421875,0.453125,0.0
0.2421875,0.4453125,0.25,0.453125,0.0
0.21875,0.453125,0.2265625,0.4609375,0.0
0.2265625,0.453125,0.234375,0.4609375,0.0
0.21875,0.4609375,0.2265625,0.46875,0.0
0.2265625,0.4609375,0.234375,0.46875,0.0
0.234375,0.453125,0.2421875,0.4609375,0.0
0.2421875,0.453125,0.25,0.4609375,0.0
0.234375,0.4609375,0.2421875,0.46875,0.0
0.2421875,0.4609375,0.25,0.46875,0.0
0.1875,0.46875,0.1953125,0.4765625,0.024000461952380918
0.1953125,0.46875,0.203125,0.4765625,0.0
0.1875,0.4765625,0.1953125,0.484375,0.0
0.1953125,0.4765625,0.203125,0.484375,0.0
0.203125,0.46875,0.2109375,0.4765625,0.0
0.2109375,0.46875,0.21875,0.4765625,0.0
0.203125,0.4765625,0.2109375,0.484375,0.0
0.2109375,0.4765625,0.21875,0.484375,0.0
0.21875,0.46875,0.2265625,0.4765625,0.0
0.2265625,0.46875,0.234375,0.4765625,0.0
0.21875,0.4765625,0.2265625,0.484375,0.0
0.2265625,0.4765625,0.234375,0.484375,0.0
0.234375,0.46875,0.2421875,0.4765625,0.0
0.2421875,0.46875,0.25,0.4765625,0.0006275107730843929
0.234375,0.4765625,0.2421875,0.484375,0.0
0.2421875,0.4765625,0.25,0.484375,0.0006327927034575746
0.25,0.40625,0.2578125,0.4140625,0.0
0.2578125,0.40625,0.265625,0.4140625,0.0
0.25,0.4140625,0.2578125,0.421875,0.0019519540899629111
0.2578125,0.4140625,0.265625,0.421875,0.007032602825240298
0.265625,0.40625,0.2734375,0.4140625,0.0
0.2734375,0.40625,0.28125,0.4140625,0.0
0.265625,0.4140625,0.2734375,0.421875,0.0
0.2734375,0.4140625,0.28125,0.421875,0.0051231413857782526
0.25,0.421875,0.2578125,0.4296875,0.0
0.2578125,0.421875,0.265625,0.4296875,0.0
0.25,0.4296875,0.2578125,0.4375,0.0
0.2578125,0.4296875,0.265625,0.4375,0.0
0.265625,0.421875,0.2734375,0.4296875,0.0
0.2734375,0.421875,0.28125,0.4296875,0.0
0.265625,0.4296875,0.2734375,0.4375,0.0
0.2734375,0.4296875,0.28125,0.4375,0.0
0.28125,0.40625,0.2890625,0.4140625,0.0
0.2890625,0.40625,0.296875,0.4140625,0.0
0.28125,0.4140625,0.2890625,0.421875,0.0036095359899218733
0.2890625,0.4140625,0.296875,0.421875,0.0019103781229452
0.296875,0.40625,0.3046875,0.4140625,0.0
0.3046875,0.40625,0.3125,0.4140625,0.0
0.296875,0.4140625,0.3046875,0.421875,0.0
0.3046875,0.4140625,0.3125,0.421875,0.0
0.28125,0.421875,0.2890625,0.4296875,0.0
0.2890625,0.421875,0.296875,0.4296875,0.0
0.28125,0.4296875,0.2890625,0.4375,0.0
0.2890625,0.4296875,0.296875,0.4375,0.0
0.296875,0.421875,0.3046875,0.4296875,0.0
0.3046875,0.421875,0.3125,0.4296875,0.0
0.296875,0.4296875,0.3046875,0.4375,0.0
0.3046875,0.4296875,0.3125,0.4375,0.0
0.3125,0.40625,0.3203125,0.4140625,0.0
0.3203125,0.40625,0.328125,0.4140625,0.0
0.3125,0.4140625,0.3203125,0.421875,0.0
0.3203125,0.4140625,0.328125,0.421875,0.0
0.328125,0.40625,0.3359375,0.4140625,0.0
0.3359375,0.40625,0.34375,0.4140625,0.0
0.328125,0.4140625,0.3359375,0.421875,0.0
0.3359375,0.4140625,0.34375,0.421875,0.0
0.3125,0.421875,0.3203125,0.4296875,0.0
0.3203125,0.421875,0.328125,0.4296875,0.0
0.3125,0.4296875,0.3203125,0.4375,0.0
0.3203125,0.4296875,0.328125,0.4375,0.0
0.328125,0.421875,0.3359375,0.4296875,0.0
0.3359375,0.421875,0.34375,0.4296875,0.0
0.328125,0.4296875,0.3359375,0.4375,0.0
0.3359375,0.4296875,0.34375,0.4375,0.0
0.34375,0.40625,0.3515625,0.4140625,0.0
0.3515625,0.40625,0.359375,0.4140625,0.0
0.34375,0.4140625,0.3515625,0.421875,0.0
0.3515625,0.4140625,0.359375,0.421875,0.0
0.359375,0.40625,0.3671875,0.4140625,0.0
0.3671875,0.40625,0.375,0.4140625,0.0
0.359375,0.4140625,0.3671875,0.421875,0.00012933793792204123
0.3671875,0.4140625,0.375,0.421875,0.0
0.34375,0.421875,0.3515625,0.4296875,0.0
0.3515625,0.421875,0.359375,0.4296875,0.0
0.34375,0.4296875,0.3515625,0.4375,0.0
0.3515625,0.4296875,0.359375,0.4375,0.0
0.359375,0.421875,0.3671875,0.4296875,0.0
0.3671875,0.421875,0.375,0.4296875,0.0
0.359375,0.4296875,0.3671875,0.4375,0.0
0.3671875,0.4296875,0.375,0.4375,0.0
0.25,0.4375,0.2578125,0.4453125,0.0
0.2578125,0.4375,0.265625,0.4453125,0.0
0.25,0.4453125,0.2578125,0.453125,0.0
0.2578125,0.4453125,0.265625,0.453125,0.0
0.265625,0.4375,0.2734375,0.4453125,0.0
0.2734375,0.4375,0.28125,0.4453125,0.0
0.265625,0.4453125,0.2734375,0.453125,0.005052331909002314
0.2734375,0.4453125,0.28125,0.453125,0.0
0.25,0.453125,0.2578125,0.4609375,0.0
0.2578125,0.453125,0.265625,0.4609375,0.0
0.25,0.4609375,0.2578125,0.46875,0.0
0.2578125,0.4609375,0.265625,0.46875,0.0
0.265625,0.453125,0.2734375,0.4609375,0.0
0.2734375,0.453125,0.28125,0.4609375,0.0
0.265625,0.4609375,0.2734375,0.46875,0.0
0.2734375,0.4609375,0.28125,0.46875,0.0
0.28125,0.4375,0.2890625,0.4453125,0.0
0.2890625,0.4375,0.296875,0.4453125,0.0
0.28125,0.4453125,0.2890625,0.453125,0.0
0.2890625,0.4453125,0.296875,0.453125,0.0
0.296875,0.4375,0.3046875,0.4453125,0.0
0.3046875,0.4375,0.3125,0.4453125,0.0
0.296875,0.4453125,0.3046875,0.453125,0.002073907821528883
0.3046875,0.4453125,0.3125,0.453125,0.0011340224684475372
0.28125,0.453125,0.2890625,0.4609375,0.0
0.2890625,0.453125,0.296875,0.4609375,0.0
0.28125,0.4609375,0.2890625,0.46875,0.0
0.2890625,0.4609375,0.296875,0.46875,0.0
0.296875,0.453125,0.3046875,0.4609375,0.0
0.3046875,0.453125,0.3125,0.4609375,0.00822876138716292
0.296875,0.4609375,0.3046875,0.46875,0.0
0.3046875,0.4609375,0.3125,0.46875,0.0
0.25,0.46875,0.2578125,0.4765625,0.0
0.2578125,0.46875,0.265625,0.4765625,0.0
0.25,0.4765625,0.2578125,0.484375,0.005795809275234242
0.2578125,0.4765625,0.265625,0.484375,0.0
0.265625,0.46875,0.2734375,0.4765625,0.0
0.2734375,0.46875,0.28125,0.4765625,0.0
0.265625,0.4765625,0.2734375,0.484375,0.0
0.2734375,0.4765625,0.28125,0.484375,0.0
0.28125,0.46875,0.2890625,0.4765625,0.0
0.2890625,0.46875,0.296875,0.4765625,0.0
0.28125,0.4765625,0.2890625,0.484375,0.0
0.2890625,0.4765625,0.296875,0.484375,0.0
0.296875,0.46875,0.3046875,0.4765625,0.0
0.3046875,0.46875,0.3125,0.4765625,0.0
0.296875,0.4765625,0.3046875,0.484375,0.0
0.3046875,0.4765625,0.3125,0.484375,0.0
0.3125,0.4375,0.3203125,0.4453125,0.0
0.3203125,0.4375,0.328125,0.4453125,0.0
0.3125,0.4453125,0.3203125,0.453125,0.0
0.3203125,0.4453125,0.328125,0.453125,0.0
0.328125,0.4375,0.3359375,0.4453125,0.0
0.3359375,0.4375,0.34375,0.4453125,0.0
0.328125,0.4453125,0.3359375,0.453125,0.0
0.3359375,0.4453125,0.34375,0.453125,0.0002850790496042666
0.3125,0.453125,0.3203125,0.4609375,0.0020870883660955575
0.3203125,0.453125,0.328125,0.4609375,0.0011062622003352924
0.3125,0.4609375,0.3203125,0.46875,0.0
0.3203125,0.4609375,0.328125,0.46875,0.0
0.328125,0.453125,0.3359375,0.4609375,0.0008271270027684207
0.3359375,0.453125,0.34375,0.4609375,0.0
0.328125,0.4609375,0.3359375,0.46875,0.0009643327554325892
0.3359375,0.4609375,0.34375,0.46875,0.0
0.34375,0.4375,0.3515625,0.4453125,0.0
0.3515625,0.4375,0.359375,0.4453125,0.002460331925387528
0.34375,0.4453125,0.3515625,0.453125,0.0015877303561099892
0.3515625,0.4453125,0.359375,0.453125,0.0
0.359375,0.4375,0.3671875,0.4453125,0.0003448507778424663
0.3671875,0.4375,0.375,0.4453125,0.0
0.359375,0.4453125,0.3671875,0.453125,0.0
0.3671875,0.4453125,0.375,0.453125,0.0
0.34375,0.453125,0.3515625,0.4609375,0.0
0.3515625,0.453125,0.359375,0.4609375,0.0
0.34375,0.4609375,0.3515625,0.46875,0.0
0.3515625,0.4609375,0.359375,0.46875,0.0
0.359375,0.453125,0.3671875,0.4609375,0.0
0.3671875,0.453125,0.375,0.4609375,0.0
0.359375,0.4609375,0.3671875,0.46875,0.0
0.3671875,0.4609375,0.375,0.46875,0.0
0.3125,0.46875,0.3203125,0.4765625,0.0
0.3203125,0.46875,0.328125,0.4765625,0.003028740739110695
0.3125,0.4765625,0.3203125,0.484375,0.0
0.3203125,0.4765625,0.328125,0.484375,0.0
0.328125,0.46875,0.3359375,0.4765625,0.0
0.3359375,0.46875,0.34375,0.4765625,0.0
0.328125,0.4765625,0.3359375,0.484375,0.0
0.3359375,0.4765625,0.34375,0.484375,0.0
0.34375,0.46875,0.3515625,0.4765625,0.0028754697379621275
0.3515625,0.46875,0.359375,0.4765625,0.0
0.34375,0.4765625,0.3515625,0.484375,0.0
0.3515625,0.4765625,0.359375,0.484375,0.0
0.359375,0.46875,0.3671875,0.4765625,0.0
0.3671875,0.46875,0.375,0.4765625,0.0003265622706179966
0.359375,0.4765625,0.3671875,0.484375,0.0
0.3671875,0.4765625,0.375,0.484375,0.0
0.375,0.40625,0.3828125,0.4140625,0.0
0.3828125,0.40625,0.390625,0.4140625,0.0
0.375,0.4140625,0.3828125,0.421875,0.0
0.3828125,0.4140625,0.390625,0.421875,0.0
0.390625,0.40625,0.3984375,0.4140625,0.0
0.3984375,0.40625,0.40625,0.4140625,0.0
0.390625,0.4140625,0.3984375,0.421875,0.0
0.3984375,0.4140625,0.40625,0.421875,0.0
0.375,0.421875,0.3828125,0.4296875,0.0
0.3828125,0.421875,0.390625,0.4296875,0.0
0.375,0.4296875,0.3828125,0.4375,0.0
0.3828125,0.4296875,0.390625,0.4375,0.0
0.390625,0.421875,0.3984375,0.4296875,0.0
0.3984375,0.421875,0.40625,0.4296875,0.0
0.390625,0.4296875,0.3984375,0.4375,0.0
0.3984375,0.4296875,0.40625,0.4375,0.0
0.40625,0.40625,0.4140625,0.4140625,0.0
0.4140625,0.40625,0.421875,0.4140625,0.0
0.40625,0.4140625,0.4140625,0.421875,0.0
0.4140625,0.4140625,0.421875,0.421875,0.0
0.40625,0.421875,0.4140625,0.4296875,0.0
0.4140625,0.421875,0.421875,0.4296875,0.0
0.40625,0.4296875,0.4140625,0.4375,0.0
0.4140625,0.4296875,0.421875,0.4375,0.0
0.375,0.4375,0.3828125,0.4453125,0.0
0.3828125,0.4375,0.390625,0.4453125,0.0
0.375,0.4453125,0.3828125,0.453125,0.0
0.3828125,0.4453125,0.390625,0.453125,0.0
0.390625,0.4375,0.3984375,0.4453125,0.0022724126381967356
0.3984375,0.4375,0.40625,0.4453125,0.0
0.390625,0.4453125,0.3984375,0.453125,0.0
0.3984375,0.4453125,0.40625,0.453125,0.00041354386393417913
0.375,0.453125,0.3828125,0.4609375,0.0
0.3828125,0.453125,0.390625,0.4609375,0.0
0.375,0.4609375,0.3828125,0.46875,0.0
0.3828125,0.4609375,0.390625,0.46875,0.0
0.390625,0.453125,0.3984375,0.4609375,0.0
0.3984375,0.453125,0.40625,0.4609375,0.00023188851401625274
0.390625,0.4609375,0.3984375,0.46875,0.0
0.3984375,0.4609375,0.40625,0.46875,0.0
0.40625,0.4375,0.4140625,0.4453125,0.0009129918197691931
0.4140625,0.4375,0.421875,0.4453125,0.0
0.40625,0.4453125,0.4140625,0.453125,0.002150300532037076
0.4140625,0.4453125,0.421875,0.453125,0.0013725246056555886
0.40625,0.453125,0.4140625,0.4609375,0.0
0.4140625,0.453125,0.421875,0.4609375,0.0
0.40625,0.4609375,0.4140625,0.46875,8.585275982858631e-05
0.4140625,0.4609375,0.421875,0.46875,0.0
0.375,0.46875,0.3828125,0.4765625,0.002641971366821562
0.3828125,0.46875,0.390625,0.4765625,0.0
0.375,0.4765625,0.3828125,0.484375,0.0
0.3828125,0.4765625,0.390625,0.484375,0.0
0.390625,0.46875,0.3984375,0.4765625,0.0
0.3984375,0.46875,0.40625,0.4765625,0.0
0.390625,0.4765625,0.3984375,0.484375,0.0
0.3984375,0.4765625,0.40625,0.484375,0.0
0.40625,0.46875,0.4140625,0.4765625,0.0
0.4140625,0.46875,0.421875,0.4765625,0.0
0.40625,0.4765625,0.4140625,0.484375,0.0
0.4140625,0.4765625,0.421875,0.484375,0.0
0.09375,0.28125,0.109375,0.296875,0.0
0.109375,0.28125,0.125,0.296875,0.0
0.09375,0.296875,0.109375,0.3125,0.0
0.109375,0.296875,0.125,0.3125,0.0
0.09375,0.3125,0.109375,0.328125,0.0
0.109375,0.3125,0.125,0.328125,0.0
0.09375,0.328125,0.109375,0.34375,0.0
0.109375,0.328125,0.125,0.34375,0.0
0.125,0.28125,0.140625,0.296875,0.0
0.140625,0.28125,0.15625,0.296875,0.0
0.125,0.296875,0.140625,0.3125,0.0
0.140625,0.296875,0.15625,0.3125,0.0
0.15625,0.28125,0.171875,0.296875,0.0
0.171875,0.28125,0.1875,0.296875,0.0
0.15625,0.296875,0.171875,0.3125,0.0
0.171875,0.296875,0.1875,0.3125,0.0
0.1875,0.28125,0.203125,0.296875,0.0
0.203125,0.28125,0.21875,0.296875,0.0
0.1875,0.296875,0.203125,0.3125,0.0
0.203125,0.296875,0.21875,0.3125,0.0
0.21875,0.28125,0.234375,0.296875,0.0
0.234375,0.28125,0.25,0.296875,0.0
0.21875,0.296875,0.234375,0.3125,0.0
0.234375,0.296875,0.25,0.3125,0.0
0.125,0.3125,0.140625,0.328125,0.0
0.140625,0.3125,0.15625,0.328125,0.0
0.125,0.328125,0.140625,0.34375,0.0
0.140625,0.328125,0.15625,0.34375,0.0
0.15625,0.3125,0.171875,0.328125,0.0
0.171875,0.3125,0.1875,0.328125,0.0
0.15625,0.328125,0.171875,0.34375,0.0
0.171875,0.328125,0.1875,0.34375,0.0
0.1875,0.3125,0.203125,0.328125,0.0
0.203125,0.3125,0.21875,0.328125,0.0
0.1875,0.328125,0.203125,0.34375,0.0
0.203125,0.328125,0.21875,0.34375,0.00035009332465507637
